# Date:     2024-01-15 15:59:54
# Database: ocvs
# Target:   lmc_t2cep
# Query:    TRUE 
# Objects:  291
# Columns:
# ID	Type	RA	DECL	ID_OGLE_II	ID_OGLE_III	ID_OGLE_IV	ID_OTHER	I	V	V_I	P_1	dP_1	T0_1	A_1	R21_1	phi21_1	R31_1	phi31_1	P_2	dP_2	T0_2	A_2	R21_2	phi21_2	R31_2	phi31_2	P_3	dP_3	T0_3	A_3	R21_3	phi21_3	R31_3	phi31_3	Remarks
OGLE-LMC-T2CEP-001	BLHer	4.637592	-68.258889	-99.99	LMC154.1.4967	LMC539.30.471	-99.99	17.755	18.440	0.685	1.8139278	0.0000043	7000.65269	0.353	0.066	4.638	0.187	2.187	-99.99	-99.99	-99.99	-99.99	-99.99	-99.99	-99.99	-99.99	-99.99	-99.99	-99.99	-99.99	-99.99	-99.99	-99.99	-99.99	
OGLE-LMC-T2CEP-002	WVir	4.709433	-68.617694	-99.99	LMC148.3.131	LMC539.20.83	-99.99	15.727	16.732	1.005	18.3261550	0.0003627	7014.11206	0.937	0.135	6.033	0.045	4.027	-99.99	-99.99	-99.99	-99.99	-99.99	-99.99	-99.99	-99.99	-99.99	-99.99	-99.99	-99.99	-99.99	-99.99	-99.99	-99.99	
OGLE-LMC-T2CEP-003	RVTau	4.718208	-66.826694	-99.99	LMC145.6.3272	LMC541.05.12	-99.99	14.152	14.922	0.770	35.9207531	0.0070192	7028.56239	0.445	0.187	6.003	0.076	5.506	-99.99	-99.99	-99.99	-99.99	-99.99	-99.99	-99.99	-99.99	-99.99	-99.99	-99.99	-99.99	-99.99	-99.99	-99.99	-99.99	
OGLE-LMC-T2CEP-004	BLHer	4.745467	-68.089250	-99.99	LMC147.2.8596	LMC539.27.10333	-99.99	17.573	-99.99	-99.99	1.9160513	0.0000043	7000.48890	0.811	0.480	4.710	0.278	2.223	-99.99	-99.99	-99.99	-99.99	-99.99	-99.99	-99.99	-99.99	-99.99	-99.99	-99.99	-99.99	-99.99	-99.99	-99.99	-99.99	
OGLE-LMC-T2CEP-005	RVTau	4.802314	-69.853944	-99.99	LMC143.2.10081	LMC531.06.30	LMV1314 HV12455	14.765	-99.99	-99.99	33.0870553	0.0025617	7009.26901	0.907	0.129	6.281	0.014	0.018	-99.99	-99.99	-99.99	-99.99	-99.99	-99.99	-99.99	-99.99	-99.99	-99.99	-99.99	-99.99	-99.99	-99.99	-99.99	-99.99	
OGLE-LMC-T2CEP-006	BLHer	4.830242	-67.422389	-99.99	LMC139.3.412	LMC533.07.10621	-99.99	18.012	18.504	0.492	1.0879277	0.0000015	7000.85463	0.482	0.234	4.644	0.089	2.784	-99.99	-99.99	-99.99	-99.99	-99.99	-99.99	-99.99	-99.99	-99.99	-99.99	-99.99	-99.99	-99.99	-99.99	-99.99	-99.99	
OGLE-LMC-T2CEP-007	BLHer	4.847347	-69.323222	-99.99	LMC135.7.21276	LMC531.13.17693	-99.99	18.017	18.597	0.580	1.2426900	0.0000024	7000.62179	0.501	0.247	4.464	0.070	4.412	-99.99	-99.99	-99.99	-99.99	-99.99	-99.99	-99.99	-99.99	-99.99	-99.99	-99.99	-99.99	-99.99	-99.99	-99.99	-99.99	
OGLE-LMC-T2CEP-008	BLHer	4.848558	-69.844444	-99.99	-99.99	LMC531.05.4686	-99.99	17.800	18.569	0.769	1.7461197	0.0000033	7000.19681	0.517	0.206	5.255	0.175	2.628	-99.99	-99.99	-99.99	-99.99	-99.99	-99.99	-99.99	-99.99	-99.99	-99.99	-99.99	-99.99	-99.99	-99.99	-99.99	-99.99	
OGLE-LMC-T2CEP-009	BLHer	4.877797	-67.156750	-99.99	LMC131.8.558	-99.99	-99.99	17.762	18.379	0.617	1.7613471	0.0000027	7001.31977	0.730	0.444	4.582	0.245	1.898	-99.99	-99.99	-99.99	-99.99	-99.99	-99.99	-99.99	-99.99	-99.99	-99.99	-99.99	-99.99	-99.99	-99.99	-99.99	-99.99	
OGLE-LMC-T2CEP-010	BLHer	4.902944	-68.557472	-99.99	LMC134.3.20792	LMC532.04.6617	-99.99	17.971	18.671	0.700	1.5029525	0.0000022	7000.13200	0.621	0.308	4.396	0.070	0.409	-99.99	-99.99	-99.99	-99.99	-99.99	-99.99	-99.99	-99.99	-99.99	-99.99	-99.99	-99.99	-99.99	-99.99	-99.99	-99.99	
OGLE-LMC-T2CEP-011	RVTau	4.910750	-67.503389	-99.99	LMC132.7.12075	LMC532.28.31973	-99.99	14.072	14.820	0.748	39.3133221	0.0097987	7020.55615	0.195	0.195	5.955	0.002	-99.99	-99.99	-99.99	-99.99	-99.99	-99.99	-99.99	-99.99	-99.99	-99.99	-99.99	-99.99	-99.99	-99.99	-99.99	-99.99	-99.99	
OGLE-LMC-T2CEP-012	WVir	4.915939	-68.483972	-99.99	LMC134.4.4856	LMC532.03.37580	-99.99	16.214	17.187	0.973	11.5779374	0.0007239	7011.02729	0.239	0.097	1.666	0.071	1.857	-99.99	-99.99	-99.99	-99.99	-99.99	-99.99	-99.99	-99.99	-99.99	-99.99	-99.99	-99.99	-99.99	-99.99	-99.99	-99.99	
OGLE-LMC-T2CEP-013	WVir	4.923444	-69.928722	-99.99	LMC136.2.15823	LMC530.26.30780	-99.99	16.163	17.134	0.971	11.5313986	0.0004149	7002.16756	0.271	0.117	1.830	0.088	2.549	-99.99	-99.99	-99.99	-99.99	-99.99	-99.99	-99.99	-99.99	-99.99	-99.99	-99.99	-99.99	-99.99	-99.99	-99.99	-99.99	
OGLE-LMC-T2CEP-014	RVTau	4.926503	-69.901167	-99.99	LMC136.2.15650	LMC531.02.24248	-99.99	14.301	15.143	0.842	57.4712644	0.0539338	7007.47241	0.086	0.181	2.351	0.099	4.616	-99.99	-99.99	-99.99	-99.99	-99.99	-99.99	-99.99	-99.99	-99.99	-99.99	-99.99	-99.99	-99.99	-99.99	-99.99	-99.99	
OGLE-LMC-T2CEP-015	RVTau	4.928683	-67.852778	-99.99	LMC133.4.35	LMC532.20.10181	-99.99	14.022	15.164	1.142	56.4844103	0.0260914	7011.90578	0.406	0.165	5.516	0.085	6.104	-99.99	-99.99	-99.99	-99.99	-99.99	-99.99	-99.99	-99.99	-99.99	-99.99	-99.99	-99.99	-99.99	-99.99	-99.99	-99.99	swiched deep and shallow minima
OGLE-LMC-T2CEP-016	RVTau	4.929442	-69.129528	-99.99	LMC135.3.35452	LMC531.19.44776	-99.99	15.454	15.883	0.429	20.3047417	0.0017605	7008.38099	0.166	0.558	5.292	0.097	5.701	-99.99	-99.99	-99.99	-99.99	-99.99	-99.99	-99.99	-99.99	-99.99	-99.99	-99.99	-99.99	-99.99	-99.99	-99.99	-99.99	
OGLE-LMC-T2CEP-017	WVir	4.937783	-68.271222	-99.99	LMC133.1.25240	LMC532.11.5346	-99.99	15.995	-99.99	-99.99	14.4564533	0.0019269	7014.26678	0.856	0.098	0.078	0.112	3.021	-99.99	-99.99	-99.99	-99.99	-99.99	-99.99	-99.99	-99.99	-99.99	-99.99	-99.99	-99.99	-99.99	-99.99	-99.99	-99.99	
OGLE-LMC-T2CEP-018	BLHer	4.974944	-69.408111	-99.99	LMC127.8.41912	LMC531.09.13980	-99.99	17.959	18.634	0.675	1.3796240	0.0000019	7000.81281	0.615	0.321	4.349	0.032	5.558	-99.99	-99.99	-99.99	-99.99	-99.99	-99.99	-99.99	-99.99	-99.99	-99.99	-99.99	-99.99	-99.99	-99.99	-99.99	-99.99	
OGLE-LMC-T2CEP-019	pWVir	4.980397	-68.074361	-99.99	LMC125.7.27931	LMC532.09.17812	-99.99	15.989	16.850	0.861	8.6732691	0.0000767	7002.91023	0.633	0.285	5.477	0.083	4.405	-99.99	-99.99	-99.99	-99.99	-99.99	-99.99	-99.99	-99.99	-99.99	-99.99	-99.99	-99.99	-99.99	-99.99	-99.99	-99.99	
OGLE-LMC-T2CEP-020	BLHer	4.985036	-67.756833	-99.99	LMC124.8.5103	LMC532.26.1587D	-99.99	17.814	-99.99	-99.99	1.1081258	0.0000254	7000.87096	0.561	0.362	4.752	0.112	2.724	-99.99	-99.99	-99.99	-99.99	-99.99	-99.99	-99.99	-99.99	-99.99	-99.99	-99.99	-99.99	-99.99	-99.99	-99.99	-99.99	in globular cluster NGC 1786
OGLE-LMC-T2CEP-021	pWVir	4.993044	-71.258667	-99.99	LMC130.1.160	LMC508.14.10499	-99.99	15.939	16.638	0.699	9.7793734	0.0002324	7005.15608	0.290	0.186	4.640	0.057	3.779	-99.99	-99.99	-99.99	-99.99	-99.99	-99.99	-99.99	-99.99	-99.99	-99.99	-99.99	-99.99	-99.99	-99.99	-99.99	-99.99	type II Cepheid in an eclipsing binary system (P_orb = 174.923 d)
OGLE-LMC-T2CEP-022	WVir	4.999600	-70.574389	-99.99	LMC129.2.208	LMC508.31.16272	-99.99	16.267	17.196	0.929	10.7069912	0.0001766	7000.06831	0.366	0.142	1.402	0.076	2.462	-99.99	-99.99	-99.99	-99.99	-99.99	-99.99	-99.99	-99.99	-99.99	-99.99	-99.99	-99.99	-99.99	-99.99	-99.99	-99.99	
OGLE-LMC-T2CEP-023	pWVir	5.003611	-67.712139	-99.99	LMC124.8.10484	LMC511.16.73	HV12509	15.515	16.106	0.591	5.2351446	0.0000291	7000.83296	0.563	0.320	5.211	0.163	3.625	-99.99	-99.99	-99.99	-99.99	-99.99	-99.99	-99.99	-99.99	-99.99	-99.99	-99.99	-99.99	-99.99	-99.99	-99.99	-99.99	type II Cepheid in an eclipsing binary system (P_orb = 88.616 d)
OGLE-LMC-T2CEP-024	BLHer	5.015397	-69.771556	-99.99	LMC128.3.14497	LMC509.23.2560	-99.99	18.131	18.753	0.622	1.2466801	0.0000019	7001.03539	0.545	0.243	4.566	0.084	4.783	-99.99	-99.99	-99.99	-99.99	-99.99	-99.99	-99.99	-99.99	-99.99	-99.99	-99.99	-99.99	-99.99	-99.99	-99.99	-99.99	
OGLE-LMC-T2CEP-025	RVTau	5.027442	-68.588611	-99.99	LMC126.3.8347	LMC510.23.402D	-99.99	14.027	-99.99	-99.99	66.4696948	0.1108973	7043.23721	0.569	0.294	0.148	0.087	5.686	-99.99	-99.99	-99.99	-99.99	-99.99	-99.99	-99.99	-99.99	-99.99	-99.99	-99.99	-99.99	-99.99	-99.99	-99.99	-99.99	
OGLE-LMC-T2CEP-026	WVir	5.036542	-68.337778	-99.99	LMC125.1.6189	LMC510.31.212	-99.99	16.107	17.088	0.981	13.5936111	0.0016224	7010.21750	0.258	0.075	3.149	0.014	0.245	-99.99	-99.99	-99.99	-99.99	-99.99	-99.99	-99.99	-99.99	-99.99	-99.99	-99.99	-99.99	-99.99	-99.99	-99.99	-99.99	amplitude and period changes
OGLE-LMC-T2CEP-027	WVir	5.048106	-69.615972	-99.99	LMC120.5.53	LMC509.22.7014D	-99.99	15.708	-99.99	-99.99	17.1178154	0.0043956	7004.15039	0.839	0.055	0.190	0.058	3.318	-99.99	-99.99	-99.99	-99.99	-99.99	-99.99	-99.99	-99.99	-99.99	-99.99	-99.99	-99.99	-99.99	-99.99	-99.99	-99.99	
OGLE-LMC-T2CEP-028	pWVir	5.050239	-70.126028	-99.99	LMC120.8.47	LMC509.13.114	-99.99	15.538	16.013	0.475	8.7788297	0.0001457	7000.16030	0.217	0.140	4.832	0.065	4.714	-99.99	-99.99	-99.99	-99.99	-99.99	-99.99	-99.99	-99.99	-99.99	-99.99	-99.99	-99.99	-99.99	-99.99	-99.99	-99.99	
OGLE-LMC-T2CEP-029	RVTau	5.051381	-68.673528	-99.99	LMC126.2.65404	LMC510.23.23	HV2281	14.650	15.470	0.820	31.9422076	0.0052350	7026.68101	0.579	0.233	6.150	0.078	4.966	-99.99	-99.99	-99.99	-99.99	-99.99	-99.99	-99.99	-99.99	-99.99	-99.99	-99.99	-99.99	-99.99	-99.99	-99.99	-99.99	
OGLE-LMC-T2CEP-030	BLHer	5.059950	-68.171167	-99.99	LMC125.2.18310	LMC510.30.32280	-99.99	16.906	17.746	0.840	3.9355290	0.0000240	7003.03457	0.411	0.269	5.662	0.115	4.985	-99.99	-99.99	-99.99	-99.99	-99.99	-99.99	-99.99	-99.99	-99.99	-99.99	-99.99	-99.99	-99.99	-99.99	-99.99	-99.99	
OGLE-LMC-T2CEP-031	WVir	5.065597	-71.254611	-99.99	LMC122.8.13160	LMC508.12.11874	-99.99	16.669	17.562	0.893	6.7079334	0.0001138	7004.37230	0.129	0.140	0.158	0.027	0.813	-99.99	-99.99	-99.99	-99.99	-99.99	-99.99	-99.99	-99.99	-99.99	-99.99	-99.99	-99.99	-99.99	-99.99	-99.99	-99.99	
OGLE-LMC-T2CEP-032	RVTau	5.065642	-67.456861	-99.99	LMC116.6.1	LMC511.23.12	HV2275	13.905	15.216	1.311	44.4049142	0.0177067	7003.02531	0.320	0.106	5.555	0.083	5.656	-99.99	-99.99	-99.99	-99.99	-99.99	-99.99	-99.99	-99.99	-99.99	-99.99	-99.99	-99.99	-99.99	-99.99	-99.99	-99.99	RVb star (P_long = 960 d)
OGLE-LMC-T2CEP-033	pWVir	5.066433	-68.890000	LMC_SC14_174795	LMC118.8.12356	LMC510.13.334	-99.99	15.774	16.464	0.690	9.3900082	0.0002222	7005.77016	0.210	0.070	4.428	0.049	3.673	-99.99	-99.99	-99.99	-99.99	-99.99	-99.99	-99.99	-99.99	-99.99	-99.99	-99.99	-99.99	-99.99	-99.99	-99.99	-99.99	secondary period 76.86 d (ellipsoidal variability?)
OGLE-LMC-T2CEP-034	WVir	5.068806	-69.125444	LMC_SC14_156721	LMC119.6.66126	LMC510.05.56555	-99.99	16.244	17.340	1.096	14.9240389	0.0003764	7004.89076	0.784	0.098	1.098	0.090	2.458	-99.99	-99.99	-99.99	-99.99	-99.99	-99.99	-99.99	-99.99	-99.99	-99.99	-99.99	-99.99	-99.99	-99.99	-99.99	-99.99	
OGLE-LMC-T2CEP-035	WVir	5.072881	-69.345111	LMC_SC14_139172	LMC119.7.26958	LMC509.29.40703	-99.99	16.252	17.156	0.904	9.8684379	0.0002347	7008.23432	0.218	0.147	1.371	0.059	1.927	-99.99	-99.99	-99.99	-99.99	-99.99	-99.99	-99.99	-99.99	-99.99	-99.99	-99.99	-99.99	-99.99	-99.99	-99.99	-99.99	
OGLE-LMC-T2CEP-036	WVir	5.081067	-69.398833	LMC_SC14_200768	LMC119.7.27037	LMC509.29.40560	1/NGC1835	15.844	16.746	0.902	14.8937406	0.0002041	7013.89541	0.706	0.065	1.488	0.070	2.735	-99.99	-99.99	-99.99	-99.99	-99.99	-99.99	-99.99	-99.99	-99.99	-99.99	-99.99	-99.99	-99.99	-99.99	-99.99	-99.99	in globular cluster NGC 1835
OGLE-LMC-T2CEP-037	WVir	5.085189	-71.299833	-99.99	LMC122.1.85	LMC508.12.3440D	-99.99	16.670	17.523	0.853	6.8858388	0.0002722	7005.04670	0.092	0.099	0.180	0.000	-99.99	-99.99	-99.99	-99.99	-99.99	-99.99	-99.99	-99.99	-99.99	-99.99	-99.99	-99.99	-99.99	-99.99	-99.99	-99.99	-99.99	
OGLE-LMC-T2CEP-038	pWVir	5.086342	-68.796472	LMC_SC13_30676	LMC118.7.21842	LMC510.12.56258	-99.99	16.202	16.505	0.303	4.0129715	0.0000113	7001.38419	0.474	0.497	5.402	0.265	4.442	-99.99	-99.99	-99.99	-99.99	-99.99	-99.99	-99.99	-99.99	-99.99	-99.99	-99.99	-99.99	-99.99	-99.99	-99.99	-99.99	
OGLE-LMC-T2CEP-039	WVir	5.086475	-67.212583	-99.99	LMC116.5.329	LMC511.22.19139	-99.99	16.313	17.188	0.875	8.7224871	0.0001461	7005.47973	0.158	0.151	0.993	0.042	1.543	-99.99	-99.99	-99.99	-99.99	-99.99	-99.99	-99.99	-99.99	-99.99	-99.99	-99.99	-99.99	-99.99	-99.99	-99.99	-99.99	
OGLE-LMC-T2CEP-040	pWVir	5.086617	-69.765222	-99.99	LMC120.6.64155	LMC509.21.31904	-99.99	15.822	16.548	0.726	9.6184052	0.0002701	7007.55314	0.271	0.081	4.724	0.027	3.787	-99.99	-99.99	-99.99	-99.99	-99.99	-99.99	-99.99	-99.99	-99.99	-99.99	-99.99	-99.99	-99.99	-99.99	-99.99	-99.99	
OGLE-LMC-T2CEP-041	BLHer	5.087558	-69.369111	LMC_SC12_37723	LMC119.7.41762	LMC509.29.41427	-99.99	16.959	17.338	0.379	2.4760479	0.0000090	7000.86362	0.248	0.263	5.185	0.077	3.953	-99.99	-99.99	-99.99	-99.99	-99.99	-99.99	-99.99	-99.99	-99.99	-99.99	-99.99	-99.99	-99.99	-99.99	-99.99	-99.99	secondary period 24.027 d, in globular cluster NGC 1835
OGLE-LMC-T2CEP-042	pWVir	5.095783	-69.248861	LMC_SC12_100127	LMC119.6.40524	LMC510.04.593	-99.99	16.353	16.821	0.468	4.9422112	0.0000486	7001.43873	0.209	0.253	4.581	0.072	3.010	-99.99	-99.99	-99.99	-99.99	-99.99	-99.99	-99.99	-99.99	-99.99	-99.99	-99.99	-99.99	-99.99	-99.99	-99.99	-99.99	
OGLE-LMC-T2CEP-043	WVir	5.100128	-69.920722	-99.99	LMC120.2.167	LMC509.21.400D	-99.99	16.882	-99.99	-99.99	6.5565172	0.0021950	7002.53036	0.086	0.000	-99.99	0.000	-99.99	-99.99	-99.99	-99.99	-99.99	-99.99	-99.99	-99.99	-99.99	-99.99	-99.99	-99.99	-99.99	-99.99	-99.99	-99.99	-99.99	
OGLE-LMC-T2CEP-044	WVir	5.108017	-69.733000	-99.99	LMC120.3.42370	LMC509.20.33260	-99.99	16.092	17.066	0.974	13.0920280	0.0019848	7009.25004	0.171	0.110	1.365	0.024	4.930	-99.99	-99.99	-99.99	-99.99	-99.99	-99.99	-99.99	-99.99	-99.99	-99.99	-99.99	-99.99	-99.99	-99.99	-99.99	-99.99	variable amplitude
OGLE-LMC-T2CEP-045	RVTau	5.109458	-69.501028	-99.99	LMC119.1.11	LMC509.28.32	LMV795 HV5600	13.716	14.623	0.907	56.1572493	0.1496085	7026.09684	0.052	0.068	2.321	0.073	3.687	-99.99	-99.99	-99.99	-99.99	-99.99	-99.99	-99.99	-99.99	-99.99	-99.99	-99.99	-99.99	-99.99	-99.99	-99.99	-99.99	
OGLE-LMC-T2CEP-046	WVir	5.127483	-68.334972	-99.99	LMC117.1.73	LMC510.28.135	HV5598	15.589	16.358	0.769	14.7050130	0.0002941	7006.10096	0.578	0.327	5.897	0.154	4.447	-99.99	-99.99	-99.99	-99.99	-99.99	-99.99	-99.99	-99.99	-99.99	-99.99	-99.99	-99.99	-99.99	-99.99	-99.99	-99.99	
OGLE-LMC-T2CEP-047	WVir	5.129592	-69.616750	-99.99	LMC120.4.22552	-99.99	-99.99	16.616	17.536	0.920	7.2862123	0.0001009	7004.21542	0.116	0.133	0.450	0.000	-99.99	-99.99	-99.99	-99.99	-99.99	-99.99	-99.99	-99.99	-99.99	-99.99	-99.99	-99.99	-99.99	-99.99	-99.99	-99.99	-99.99	
OGLE-LMC-T2CEP-048	BLHer	5.150967	-68.424389	-99.99	LMC118.4.63258	LMC510.19.51229	-99.99	17.830	18.395	0.565	1.4454894	0.0000015	7001.34782	0.683	0.377	4.289	0.178	0.776	-99.99	-99.99	-99.99	-99.99	-99.99	-99.99	-99.99	-99.99	-99.99	-99.99	-99.99	-99.99	-99.99	-99.99	-99.99	-99.99	
OGLE-LMC-T2CEP-049	BLHer	5.156078	-69.600861	LMC_SC11_263536	LMC112.5.48722	LMC509.27.979D	-99.99	17.142	-99.99	-99.99	3.2354241	0.0001539	7000.58102	0.381	0.227	5.181	0.075	4.413	-99.99	-99.99	-99.99	-99.99	-99.99	-99.99	-99.99	-99.99	-99.99	-99.99	-99.99	-99.99	-99.99	-99.99	-99.99	-99.99	
OGLE-LMC-T2CEP-050	RVTau	5.157264	-68.834722	-99.99	LMC118.1.84661	LMC510.10.57562	-99.99	14.984	15.676	0.692	34.7276364	0.0073325	7004.46389	0.203	0.293	5.787	0.073	5.409	-99.99	-99.99	-99.99	-99.99	-99.99	-99.99	-99.99	-99.99	-99.99	-99.99	-99.99	-99.99	-99.99	-99.99	-99.99	-99.99	uncertain
OGLE-LMC-T2CEP-051	RVTau	5.161650	-68.856944	-99.99	LMC110.8.43396	LMC510.10.144	LMV810 HV5626	14.562	15.362	0.800	54.4966553	0.0332627	7014.06395	0.176	0.005	-99.99	0.130	5.102	-99.99	-99.99	-99.99	-99.99	-99.99	-99.99	-99.99	-99.99	-99.99	-99.99	-99.99	-99.99	-99.99	-99.99	-99.99	-99.99	
OGLE-LMC-T2CEP-052	pWVir	5.166483	-69.974639	-99.99	LMC112.7.9733	LMC509.09.34357	-99.99	16.422	16.862	0.440	4.6806093	0.0001628	7000.82065	0.174	0.115	5.151	0.061	1.416	-99.99	-99.99	-99.99	-99.99	-99.99	-99.99	-99.99	-99.99	-99.99	-99.99	-99.99	-99.99	-99.99	-99.99	-99.99	-99.99	type II Cepheid in an eclipsing binary system (P_orb = 123.879 d)
OGLE-LMC-T2CEP-053	BLHer	5.181561	-67.958889	-99.99	LMC109.6.25013	LMC511.01.1849	-99.99	18.028	18.668	0.640	1.0429993	0.0000007	7000.41746	0.729	0.472	4.892	0.217	3.310	-99.99	-99.99	-99.99	-99.99	-99.99	-99.99	-99.99	-99.99	-99.99	-99.99	-99.99	-99.99	-99.99	-99.99	-99.99	-99.99	
OGLE-LMC-T2CEP-054	WVir	5.184822	-70.360667	-99.99	LMC113.6.17293	LMC502.25.33957	-99.99	16.350	17.297	0.947	9.9234052	0.0001566	7006.25125	0.233	0.146	1.302	0.056	1.751	-99.99	-99.99	-99.99	-99.99	-99.99	-99.99	-99.99	-99.99	-99.99	-99.99	-99.99	-99.99	-99.99	-99.99	-99.99	-99.99	
OGLE-LMC-T2CEP-055	RVTau	5.187547	-67.933444	-99.99	LMC109.6.24745	LMC511.01.42	HV2351	14.273	15.041	0.768	40.8646636	0.0076149	7000.33713	0.418	0.234	5.523	0.062	4.979	-99.99	-99.99	-99.99	-99.99	-99.99	-99.99	-99.99	-99.99	-99.99	-99.99	-99.99	-99.99	-99.99	-99.99	-99.99	-99.99	
OGLE-LMC-T2CEP-056	WVir	5.188706	-69.575639	-99.99	LMC112.5.75266	LMC503.16.52928	-99.99	16.718	17.662	0.944	7.2828263	0.0001703	7003.37093	0.133	0.166	0.289	0.039	0.536	-99.99	-99.99	-99.99	-99.99	-99.99	-99.99	-99.99	-99.99	-99.99	-99.99	-99.99	-99.99	-99.99	-99.99	-99.99	-99.99	
OGLE-LMC-T2CEP-057	WVir	5.189206	-68.670361	-99.99	LMC110.7.60635	LMC510.18.338	-99.99	15.759	16.692	0.933	16.6223929	0.0001879	7014.09479	0.867	0.056	0.064	0.061	3.169	-99.99	-99.99	-99.99	-99.99	-99.99	-99.99	-99.99	-99.99	-99.99	-99.99	-99.99	-99.99	-99.99	-99.99	-99.99	-99.99	
OGLE-LMC-T2CEP-058	RVTau	5.192644	-68.598278	-99.99	LMC110.6.17187	LMC510.18.209	HV13025 LMV1699	15.533	16.567	1.034	21.4970503	0.0008642	7002.64672	0.883	0.187	6.126	0.038	4.965	-99.99	-99.99	-99.99	-99.99	-99.99	-99.99	-99.99	-99.99	-99.99	-99.99	-99.99	-99.99	-99.99	-99.99	-99.99	-99.99	
OGLE-LMC-T2CEP-059	WVir	5.197047	-70.569778	-99.99	LMC113.7.24715	LMC502.16.17594	-99.99	15.660	16.559	0.899	16.7374101	0.0001429	7005.85977	0.866	0.077	6.222	0.054	3.350	-99.99	-99.99	-99.99	-99.99	-99.99	-99.99	-99.99	-99.99	-99.99	-99.99	-99.99	-99.99	-99.99	-99.99	-99.99	-99.99	
OGLE-LMC-T2CEP-060	BLHer	5.204997	-70.251333	-99.99	LMC113.4.436	LMC502.25.18144	-99.99	18.116	18.729	0.613	1.2366047	0.0000015	7000.55925	0.591	0.271	4.521	0.073	4.250	-99.99	-99.99	-99.99	-99.99	-99.99	-99.99	-99.99	-99.99	-99.99	-99.99	-99.99	-99.99	-99.99	-99.99	-99.99	-99.99	
OGLE-LMC-T2CEP-061	BLHer	5.208450	-69.121167	LMC_SC9_52800	LMC111.6.78508	LMC503.25.28930	-99.99	18.037	18.571	0.534	1.1815125	0.0000020	7000.41723	0.393	0.202	4.519	0.078	3.352	-99.99	-99.99	-99.99	-99.99	-99.99	-99.99	-99.99	-99.99	-99.99	-99.99	-99.99	-99.99	-99.99	-99.99	-99.99	-99.99	
OGLE-LMC-T2CEP-062	WVir	5.221975	-69.649333	-99.99	LMC112.4.366	LMC503.07.79287	-99.99	17.366	18.499	1.133	6.0489818	0.0001614	7002.43780	0.102	0.118	5.657	0.000	-99.99	-99.99	-99.99	-99.99	-99.99	-99.99	-99.99	-99.99	-99.99	-99.99	-99.99	-99.99	-99.99	-99.99	-99.99	-99.99	-99.99	
OGLE-LMC-T2CEP-063	WVir	5.228847	-69.844750	-99.99	LMC112.2.56955	LMC503.07.10126	-99.99	16.672	17.564	0.892	6.9228567	0.0001428	7005.52755	0.128	0.147	0.087	0.034	0.622	-99.99	-99.99	-99.99	-99.99	-99.99	-99.99	-99.99	-99.99	-99.99	-99.99	-99.99	-99.99	-99.99	-99.99	-99.99	-99.99	
OGLE-LMC-T2CEP-064	BLHer	5.232189	-68.631139	-99.99	LMC110.3.8878	LMC504.07.38735	-99.99	17.510	18.182	0.672	2.1278700	0.0000025	7001.60610	0.597	0.247	5.215	0.123	3.552	-99.99	-99.99	-99.99	-99.99	-99.99	-99.99	-99.99	-99.99	-99.99	-99.99	-99.99	-99.99	-99.99	-99.99	-99.99	-99.99	
OGLE-LMC-T2CEP-065	RVTau	5.233542	-68.965722	-99.99	LMC111.4.56636	LMC503.32.28	-99.99	14.697	15.594	0.897	35.6308078	0.0108293	7023.03425	0.129	0.110	1.469	0.082	5.376	-99.99	-99.99	-99.99	-99.99	-99.99	-99.99	-99.99	-99.99	-99.99	-99.99	-99.99	-99.99	-99.99	-99.99	-99.99	-99.99	
OGLE-LMC-T2CEP-066	WVir	5.235014	-67.206000	-99.99	LMC108.4.215	LMC505.07.16111	-99.99	16.099	17.061	0.962	13.0618438	0.0005136	7000.73212	0.433	0.137	1.989	0.054	2.416	-99.99	-99.99	-99.99	-99.99	-99.99	-99.99	-99.99	-99.99	-99.99	-99.99	-99.99	-99.99	-99.99	-99.99	-99.99	-99.99	
OGLE-LMC-T2CEP-067	RVTau	5.238367	-69.209694	-99.99	LMC111.3.23099	LMC503.24.13127	LMV44 HV915	13.855	14.603	0.748	48.5802424	0.0187093	7019.18920	0.305	0.140	4.189	0.051	1.055	-99.99	-99.99	-99.99	-99.99	-99.99	-99.99	-99.99	-99.99	-99.99	-99.99	-99.99	-99.99	-99.99	-99.99	-99.99	-99.99	
OGLE-LMC-T2CEP-068	BLHer	5.240850	-68.967194	LMC_SC9_264013	LMC111.4.67012	LMC503.32.445	-99.99	17.692	18.263	0.571	1.6093051	0.0000028	7001.55285	0.422	0.230	4.945	0.111	1.276	-99.99	-99.99	-99.99	-99.99	-99.99	-99.99	-99.99	-99.99	-99.99	-99.99	-99.99	-99.99	-99.99	-99.99	-99.99	-99.99	
OGLE-LMC-T2CEP-069	BLHer	5.249103	-69.672889	-99.99	LMC112.4.28478	LMC503.06.91357	-99.99	18.584	18.944	0.360	1.0215831	0.0000025	7000.10009	0.421	0.307	5.536	0.105	4.683	-99.99	-99.99	-99.99	-99.99	-99.99	-99.99	-99.99	-99.99	-99.99	-99.99	-99.99	-99.99	-99.99	-99.99	-99.99	-99.99	
OGLE-LMC-T2CEP-070	WVir	5.249372	-66.670250	-99.99	LMC107.4.15280	LMC505.24.13606	HV13065	15.652	16.574	0.922	15.4373946	0.0001478	7003.16142	0.874	0.207	6.189	0.084	3.804	-99.99	-99.99	-99.99	-99.99	-99.99	-99.99	-99.99	-99.99	-99.99	-99.99	-99.99	-99.99	-99.99	-99.99	-99.99	-99.99	
OGLE-LMC-T2CEP-071	BLHer	5.252400	-68.914861	LMC_SC8_82008	LMC110.1.23130	LMC503.31.43895	-99.99	17.899	18.366	0.467	1.1521741	0.0000012	7000.60350	0.611	0.325	4.619	0.100	2.630	-99.99	-99.99	-99.99	-99.99	-99.99	-99.99	-99.99	-99.99	-99.99	-99.99	-99.99	-99.99	-99.99	-99.99	-99.99	-99.99	
OGLE-LMC-T2CEP-072	WVir	5.256786	-66.981472	-99.99	LMC107.2.14303	LMC505.14.13495	-99.99	15.873	16.852	0.979	14.5731552	0.0006966	7012.16013	0.437	0.065	2.401	0.049	3.175	-99.99	-99.99	-99.99	-99.99	-99.99	-99.99	-99.99	-99.99	-99.99	-99.99	-99.99	-99.99	-99.99	-99.99	-99.99	-99.99	
OGLE-LMC-T2CEP-073	BLHer	5.259706	-67.345222	-99.99	LMC108.3.17983	LMC505.06.368	-99.99	17.159	17.947	0.788	3.0879107	0.0000043	7001.01876	0.614	0.283	5.421	0.136	4.498	-99.99	-99.99	-99.99	-99.99	-99.99	-99.99	-99.99	-99.99	-99.99	-99.99	-99.99	-99.99	-99.99	-99.99	-99.99	-99.99	
OGLE-LMC-T2CEP-074	WVir	5.263542	-68.813361	-99.99	LMC101.8.50510	LMC503.31.24481	-99.99	16.076	16.919	0.843	8.9744380	0.0005058	7003.99829	0.174	0.127	1.316	0.098	5.429	-99.99	-99.99	-99.99	-99.99	-99.99	-99.99	-99.99	-99.99	-99.99	-99.99	-99.99	-99.99	-99.99	-99.99	-99.99	-99.99	
OGLE-LMC-T2CEP-075	RVTau	5.271131	-69.726889	-99.99	LMC103.6.53296	LMC503.06.25331	HV925	14.550	15.621	1.071	49.6083421	0.0184493	7022.84712	0.735	0.196	5.773	0.015	5.283	-99.99	-99.99	-99.99	-99.99	-99.99	-99.99	-99.99	-99.99	-99.99	-99.99	-99.99	-99.99	-99.99	-99.99	-99.99	-99.99	
OGLE-LMC-T2CEP-076	BLHer	5.271514	-68.236250	-99.99	LMC102.8.857	LMC504.14.6379	-99.99	17.823	18.587	0.764	2.1041275	0.0000026	7000.48879	0.684	0.304	5.159	0.177	3.245	-99.99	-99.99	-99.99	-99.99	-99.99	-99.99	-99.99	-99.99	-99.99	-99.99	-99.99	-99.99	-99.99	-99.99	-99.99	-99.99	
OGLE-LMC-T2CEP-077	BLHer	5.272625	-69.616444	LMC_SC8_194670	LMC103.5.1047	LMC503.13.2611D	-99.99	17.758	-99.99	-99.99	1.2138023	0.0000020	7000.50634	0.211	0.173	4.653	0.000	-99.99	-99.99	-99.99	-99.99	-99.99	-99.99	-99.99	-99.99	-99.99	-99.99	-99.99	-99.99	-99.99	-99.99	-99.99	-99.99	-99.99	type II Cepheid in an eclipsing binary system (P_orb = 34.621 d)
OGLE-LMC-T2CEP-078	pWVir	5.274750	-69.402500	LMC_SC8_218916	LMC100.8.72375	LMC503.13.103793	-99.99	16.281	17.270	0.989	6.7194746	0.0001007	7004.51051	0.182	0.250	5.069	0.026	4.098	-99.99	-99.99	-99.99	-99.99	-99.99	-99.99	-99.99	-99.99	-99.99	-99.99	-99.99	-99.99	-99.99	-99.99	-99.99	-99.99	
OGLE-LMC-T2CEP-079	WVir	5.276575	-68.350333	-99.99	LMC101.5.28691	LMC504.13.22304	-99.99	16.315	17.420	1.105	14.8539677	0.0002471	7008.70012	0.829	0.107	1.169	0.100	2.489	-99.99	-99.99	-99.99	-99.99	-99.99	-99.99	-99.99	-99.99	-99.99	-99.99	-99.99	-99.99	-99.99	-99.99	-99.99	-99.99	
OGLE-LMC-T2CEP-080	RVTau	5.279842	-69.737528	-99.99	LMC103.6.64992	LMC503.05.83604	HV2423	14.331	15.161	0.830	40.9191086	0.0086071	7019.54747	0.703	0.173	5.971	0.044	0.104	-99.99	-99.99	-99.99	-99.99	-99.99	-99.99	-99.99	-99.99	-99.99	-99.99	-99.99	-99.99	-99.99	-99.99	-99.99	-99.99	
OGLE-LMC-T2CEP-081	WVir	5.280942	-71.737528	-99.99	LMC106.7.172	LMC501.22.12332	-99.99	16.283	17.199	0.916	9.4709257	0.0002243	7008.68493	0.204	0.120	1.285	0.046	1.391	-99.99	-99.99	-99.99	-99.99	-99.99	-99.99	-99.99	-99.99	-99.99	-99.99	-99.99	-99.99	-99.99	-99.99	-99.99	-99.99	
OGLE-LMC-T2CEP-082	RVTau	5.282036	-71.694861	-99.99	LMC106.7.74	LMC501.22.14816	-99.99	15.004	16.125	1.121	35.5283834	0.0066269	7013.98220	0.582	0.044	5.749	0.047	1.471	-99.99	-99.99	-99.99	-99.99	-99.99	-99.99	-99.99	-99.99	-99.99	-99.99	-99.99	-99.99	-99.99	-99.99	-99.99	-99.99	
OGLE-LMC-T2CEP-083	pWVir	5.283056	-69.855333	-99.99	LMC103.7.54156	LMC503.05.70164	-99.99	16.518	17.302	0.784	5.9699568	0.0000392	7001.89952	0.532	0.154	5.415	0.029	3.752	-99.99	-99.99	-99.99	-99.99	-99.99	-99.99	-99.99	-99.99	-99.99	-99.99	-99.99	-99.99	-99.99	-99.99	-99.99	-99.99	
OGLE-LMC-T2CEP-084	BLHer	5.285419	-69.459472	LMC_SC8_306227	LMC100.8.93186	LMC503.13.87831	-99.99	17.493	17.823	0.330	1.7703052	0.0000037	7000.59946	0.390	0.347	5.246	0.143	3.960	-99.99	-99.99	-99.99	-99.99	-99.99	-99.99	-99.99	-99.99	-99.99	-99.99	-99.99	-99.99	-99.99	-99.99	-99.99	-99.99	type II Cepheid in an eclipsing binary system (P_orb = 52.351 d)
OGLE-LMC-T2CEP-085	BLHer	5.303572	-71.287611	-99.99	LMC105.8.11987	LMC501.29.22964	-99.99	17.148	17.921	0.773	3.4051533	0.0000077	7002.74054	0.558	0.290	5.601	0.149	4.824	-99.99	-99.99	-99.99	-99.99	-99.99	-99.99	-99.99	-99.99	-99.99	-99.99	-99.99	-99.99	-99.99	-99.99	-99.99	-99.99	
OGLE-LMC-T2CEP-086	WVir	5.304944	-69.724361	LMC_SC7_134411	LMC103.6.93417	LMC503.04.92418	-99.99	15.648	16.482	0.834	15.8447242	0.0001280	7013.50921	0.900	0.126	0.091	0.061	3.624	-99.99	-99.99	-99.99	-99.99	-99.99	-99.99	-99.99	-99.99	-99.99	-99.99	-99.99	-99.99	-99.99	-99.99	-99.99	-99.99	
OGLE-LMC-T2CEP-087	WVir	5.306014	-69.679222	-99.99	LMC103.5.47455	LMC503.04.109713	-99.99	16.900	17.779	0.879	5.1854383	0.0000282	7003.32931	0.316	0.225	5.855	0.070	5.644	-99.99	-99.99	-99.99	-99.99	-99.99	-99.99	-99.99	-99.99	-99.99	-99.99	-99.99	-99.99	-99.99	-99.99	-99.99	-99.99	
OGLE-LMC-T2CEP-088	BLHer	5.309328	-70.838667	-99.99	LMC105.5.18100	LMC502.12.464D	-99.99	17.200	-99.99	-99.99	1.9508524	0.0001366	7001.43132	0.069	0.000	-99.99	0.140	3.237	-99.99	-99.99	-99.99	-99.99	-99.99	-99.99	-99.99	-99.99	-99.99	-99.99	-99.99	-99.99	-99.99	-99.99	-99.99	-99.99	
OGLE-LMC-T2CEP-089	BLHer	5.309925	-69.762694	LMC_SC7_127752	LMC103.6.39466	LMC503.04.93177	-99.99	18.024	18.482	0.458	1.1673093	0.0000017	7000.72559	0.477	0.220	4.600	0.091	3.394	-99.99	-99.99	-99.99	-99.99	-99.99	-99.99	-99.99	-99.99	-99.99	-99.99	-99.99	-99.99	-99.99	-99.99	-99.99	-99.99	
OGLE-LMC-T2CEP-090	BLHer	5.310100	-67.941778	-99.99	LMC102.6.16879	LMC504.21.21705	-99.99	17.880	18.500	0.620	1.4789510	0.0000030	7001.27993	0.392	0.178	5.274	0.139	0.657	-99.99	-99.99	-99.99	-99.99	-99.99	-99.99	-99.99	-99.99	-99.99	-99.99	-99.99	-99.99	-99.99	-99.99	-99.99	-99.99	
OGLE-LMC-T2CEP-091	RVTau	5.312631	-69.056028	-99.99	LMC100.5.48271	LMC503.21.103780	HV2444	14.223	14.910	0.687	35.7131123	0.0058415	7035.20670	0.525	0.167	5.930	0.059	4.779	-99.99	-99.99	-99.99	-99.99	-99.99	-99.99	-99.99	-99.99	-99.99	-99.99	-99.99	-99.99	-99.99	-99.99	-99.99	-99.99	
OGLE-LMC-T2CEP-092	BLHer	5.323231	-70.049111	-99.99	LMC103.1.38744	LMC502.29.19752	-99.99	17.394	18.136	0.742	2.6168158	0.0000032	7000.28871	0.529	0.219	5.478	0.113	4.186	-99.99	-99.99	-99.99	-99.99	-99.99	-99.99	-99.99	-99.99	-99.99	-99.99	-99.99	-99.99	-99.99	-99.99	-99.99	-99.99	
OGLE-LMC-T2CEP-093	pWVir	5.324014	-69.864167	LMC_SC7_239698	LMC103.2.50784	LMC503.04.96	HV5756	15.110	15.811	0.701	17.6067249	0.0009982	7014.44579	0.520	0.267	5.725	0.083	4.615	-99.99	-99.99	-99.99	-99.99	-99.99	-99.99	-99.99	-99.99	-99.99	-99.99	-99.99	-99.99	-99.99	-99.99	-99.99	-99.99	type II Cepheid in an eclipsing binary system (P_orb = 419.43 d)
OGLE-LMC-T2CEP-094	WVir	5.331444	-69.886083	-99.99	LMC103.2.51157	LMC503.04.399	-99.99	16.583	17.532	0.949	8.4716270	0.0003739	7006.41040	0.159	0.167	0.861	0.083	1.173	-99.99	-99.99	-99.99	-99.99	-99.99	-99.99	-99.99	-99.99	-99.99	-99.99	-99.99	-99.99	-99.99	-99.99	-99.99	-99.99	
OGLE-LMC-T2CEP-095	WVir	5.336067	-68.309806	-99.99	LMC102.1.509	LMC504.11.20570	-99.99	16.997	17.906	0.909	5.0011122	0.0002362	7002.09021	0.054	0.001	-99.99	0.003	-99.99	-99.99	-99.99	-99.99	-99.99	-99.99	-99.99	-99.99	-99.99	-99.99	-99.99	-99.99	-99.99	-99.99	-99.99	-99.99	-99.99	uncertain
OGLE-LMC-T2CEP-096	WVir	5.336231	-68.810889	-99.99	LMC101.1.53540	LMC503.28.56479	-99.99	15.914	16.804	0.890	13.9228025	0.0001163	7001.95086	0.886	0.241	0.102	0.070	3.124	-99.99	-99.99	-99.99	-99.99	-99.99	-99.99	-99.99	-99.99	-99.99	-99.99	-99.99	-99.99	-99.99	-99.99	-99.99	-99.99	
OGLE-LMC-T2CEP-097	WVir	5.339050	-69.205833	LMC_SC6_118148	LMC100.3.15603	LMC503.20.68866	-99.99	16.179	17.096	0.917	10.5057069	0.0002285	7002.91019	0.246	0.132	1.513	0.048	1.819	-99.99	-99.99	-99.99	-99.99	-99.99	-99.99	-99.99	-99.99	-99.99	-99.99	-99.99	-99.99	-99.99	-99.99	-99.99	-99.99	
OGLE-LMC-T2CEP-098	pWVir	5.340275	-70.185750	LMC_SC21_40876	LMC104.4.55210	LMC502.28.44432	-99.99	14.426	14.681	0.255	4.9737525	0.0000144	7001.96165	0.106	0.183	4.982	0.113	2.912	-99.99	-99.99	-99.99	-99.99	-99.99	-99.99	-99.99	-99.99	-99.99	-99.99	-99.99	-99.99	-99.99	-99.99	-99.99	-99.99	type II Cepheid in an eclipsing binary system (P_orb = 397.27 d)
OGLE-LMC-T2CEP-099	WVir	5.345689	-69.030111	-99.99	LMC100.4.30495	LMC503.20.97811	-99.99	15.896	16.936	1.040	15.4823902	0.0004171	7007.06864	0.618	0.090	1.816	0.080	2.496	-99.99	-99.99	-99.99	-99.99	-99.99	-99.99	-99.99	-99.99	-99.99	-99.99	-99.99	-99.99	-99.99	-99.99	-99.99	-99.99	
OGLE-LMC-T2CEP-100	WVir	5.354067	-70.387611	-99.99	LMC104.3.17874	LMC502.20.6798	-99.99	16.658	17.414	0.756	7.4016917	0.0006985	7001.73126	0.195	0.135	5.723	0.105	5.823	-99.99	-99.99	-99.99	-99.99	-99.99	-99.99	-99.99	-99.99	-99.99	-99.99	-99.99	-99.99	-99.99	-99.99	-99.99	-99.99	
OGLE-LMC-T2CEP-101	WVir	5.355242	-69.196472	LMC_SC6_350603	LMC100.3.32462	LMC503.20.14020	HV5774	16.054	16.834	0.780	11.4163957	0.0002476	7009.16417	0.601	0.448	4.886	0.091	3.211	-99.99	-99.99	-99.99	-99.99	-99.99	-99.99	-99.99	-99.99	-99.99	-99.99	-99.99	-99.99	-99.99	-99.99	-99.99	-99.99	
OGLE-LMC-T2CEP-102	BLHer	5.355464	-69.948944	LMC_SC6_254530	LMC103.2.26384	LMC502.28.33584	-99.99	17.727	18.266	0.539	1.2660302	0.0000011	7000.43717	0.629	0.284	4.577	0.116	2.831	-99.99	-99.99	-99.99	-99.99	-99.99	-99.99	-99.99	-99.99	-99.99	-99.99	-99.99	-99.99	-99.99	-99.99	-99.99	-99.99	in globular cluster NGC 1939
OGLE-LMC-T2CEP-103	WVir	5.359797	-70.223806	LMC_SC21_132285	LMC104.4.21411	-99.99	-99.99	16.039	16.995	0.956	12.9082775	0.0003099	7007.45108	0.435	0.122	1.621	0.078	2.433	-99.99	-99.99	-99.99	-99.99	-99.99	-99.99	-99.99	-99.99	-99.99	-99.99	-99.99	-99.99	-99.99	-99.99	-99.99	-99.99	
OGLE-LMC-T2CEP-104	RVTau	5.363642	-70.076167	LMC_SC6_242669	LMC103.1.27711	LMC502.27.61364	LMV916 HV5779	14.978	15.975	0.997	24.8780107	0.0012812	7019.41778	0.619	0.390	5.710	0.194	4.373	-99.99	-99.99	-99.99	-99.99	-99.99	-99.99	-99.99	-99.99	-99.99	-99.99	-99.99	-99.99	-99.99	-99.99	-99.99	-99.99	
OGLE-LMC-T2CEP-105	BLHer	5.366200	-70.276417	LMC_SC21_179265	LMC104.4.32947	LMC502.19.61922	-99.99	17.619	18.193	0.574	1.4893113	0.0000013	7000.96134	0.633	0.397	4.199	0.124	0.759	-99.99	-99.99	-99.99	-99.99	-99.99	-99.99	-99.99	-99.99	-99.99	-99.99	-99.99	-99.99	-99.99	-99.99	-99.99	-99.99	
OGLE-LMC-T2CEP-106	WVir	5.367231	-69.457028	-99.99	LMC100.1.134327	LMC503.10.81181	-99.99	16.621	17.477	0.856	6.7078839	0.0001188	7002.33837	0.134	0.130	0.137	0.000	-99.99	-99.99	-99.99	-99.99	-99.99	-99.99	-99.99	-99.99	-99.99	-99.99	-99.99	-99.99	-99.99	-99.99	-99.99	-99.99	-99.99	
OGLE-LMC-T2CEP-107	BLHer	5.368278	-69.673472	LMC_SC6_405078	LMC103.4.51505	LMC503.02.110991	-99.99	17.700	18.485	0.785	1.2091632	0.0000021	7000.71500	0.307	0.258	4.434	0.073	4.057	-99.99	-99.99	-99.99	-99.99	-99.99	-99.99	-99.99	-99.99	-99.99	-99.99	-99.99	-99.99	-99.99	-99.99	-99.99	-99.99	
OGLE-LMC-T2CEP-108	RVTau	5.369800	-68.192028	-99.99	LMC102.2.17387	LMC504.10.29045	-99.99	14.715	15.415	0.700	30.1160008	0.0086525	7029.23059	0.053	0.111	4.120	0.068	4.673	-99.99	-99.99	-99.99	-99.99	-99.99	-99.99	-99.99	-99.99	-99.99	-99.99	-99.99	-99.99	-99.99	-99.99	-99.99	-99.99	
OGLE-LMC-T2CEP-109	BLHer	5.370228	-69.697389	-99.99	LMC103.3.117720	LMC503.02.100417	-99.99	19.610	21.067	1.457	1.4145822	0.0000121	7001.30034	0.368	0.190	5.276	0.084	-99.99	-99.99	-99.99	-99.99	-99.99	-99.99	-99.99	-99.99	-99.99	-99.99	-99.99	-99.99	-99.99	-99.99	-99.99	-99.99	-99.99	
OGLE-LMC-T2CEP-110	WVir	5.372078	-68.897222	-99.99	LMC101.1.33073	LMC503.27.46571	-99.99	16.765	17.692	0.927	7.0790742	0.0001143	7002.08259	0.146	0.139	0.140	0.045	0.421	-99.99	-99.99	-99.99	-99.99	-99.99	-99.99	-99.99	-99.99	-99.99	-99.99	-99.99	-99.99	-99.99	-99.99	-99.99	-99.99	
OGLE-LMC-T2CEP-111	WVir	5.372858	-70.879694	-99.99	LMC105.3.42490	LMC502.02.36976	-99.99	16.576	17.461	0.885	7.4993849	0.0001569	7007.20098	0.143	0.145	0.300	0.005	-99.99	-99.99	-99.99	-99.99	-99.99	-99.99	-99.99	-99.99	-99.99	-99.99	-99.99	-99.99	-99.99	-99.99	-99.99	-99.99	-99.99	
OGLE-LMC-T2CEP-112	RVTau	5.382878	-69.439167	-99.99	LMC161.8.67145	LMC503.10.34113	LMV372 HV2479	14.072	14.765	0.693	39.4884196	0.0144706	7035.63553	0.202	0.135	5.755	0.016	1.121	-99.99	-99.99	-99.99	-99.99	-99.99	-99.99	-99.99	-99.99	-99.99	-99.99	-99.99	-99.99	-99.99	-99.99	-99.99	-99.99	
OGLE-LMC-T2CEP-113	BLHer	5.385092	-69.539056	-99.99	LMC161.8.18847	LMC503.10.637	-99.99	17.057	18.559	1.502	3.0734825	0.0000560	7002.71736	0.111	0.120	3.821	0.095	3.242	-99.99	-99.99	-99.99	-99.99	-99.99	-99.99	-99.99	-99.99	-99.99	-99.99	-99.99	-99.99	-99.99	-99.99	-99.99	-99.99	uncertain, secondary period 2.77054 d
OGLE-LMC-T2CEP-115	RVTau	5.395425	-69.535250	-99.99	LMC161.8.18770	LMC503.09.55719	-99.99	15.605	16.646	1.041	24.9636031	0.0015704	7018.34400	0.820	0.144	6.094	0.045	5.893	-99.99	-99.99	-99.99	-99.99	-99.99	-99.99	-99.99	-99.99	-99.99	-99.99	-99.99	-99.99	-99.99	-99.99	-99.99	-99.99	
OGLE-LMC-T2CEP-116	BLHer	5.398858	-69.425028	LMC_SC5_323141	LMC161.8.99922	LMC503.09.86147	-99.99	17.802	18.627	0.825	1.9666643	0.0000050	7000.44956	0.412	0.138	5.564	0.094	2.788	-99.99	-99.99	-99.99	-99.99	-99.99	-99.99	-99.99	-99.99	-99.99	-99.99	-99.99	-99.99	-99.99	-99.99	-99.99	-99.99	
OGLE-LMC-T2CEP-117	WVir	5.411528	-71.112417	-99.99	LMC164.7.11579	LMC502.01.21346	-99.99	16.653	17.552	0.899	6.6323412	0.0001764	7000.24022	0.081	0.071	6.231	0.005	-99.99	-99.99	-99.99	-99.99	-99.99	-99.99	-99.99	-99.99	-99.99	-99.99	-99.99	-99.99	-99.99	-99.99	-99.99	-99.99	-99.99	
OGLE-LMC-T2CEP-118	WVir	5.420847	-68.153250	-99.99	LMC159.2.112	LMC504.08.25391	-99.99	16.091	17.047	0.956	12.7040686	0.0001194	7002.65299	0.792	0.142	0.420	0.097	2.883	-99.99	-99.99	-99.99	-99.99	-99.99	-99.99	-99.99	-99.99	-99.99	-99.99	-99.99	-99.99	-99.99	-99.99	-99.99	-99.99	
OGLE-LMC-T2CEP-119	RVTau	5.422081	-70.902750	-99.99	LMC164.6.43099	LMC502.01.16086	HV5829	14.414	15.325	0.911	34.5948938	0.0060199	7016.07901	0.603	0.186	6.018	0.075	5.549	-99.99	-99.99	-99.99	-99.99	-99.99	-99.99	-99.99	-99.99	-99.99	-99.99	-99.99	-99.99	-99.99	-99.99	-99.99	-99.99	
OGLE-LMC-T2CEP-120	WVir	5.424875	-68.803306	-99.99	LMC160.2.120	LMC517.16.17374	-99.99	17.028	17.882	0.854	4.5592679	0.0000223	7002.73661	0.376	0.253	5.686	0.098	5.207	-99.99	-99.99	-99.99	-99.99	-99.99	-99.99	-99.99	-99.99	-99.99	-99.99	-99.99	-99.99	-99.99	-99.99	-99.99	-99.99	
OGLE-LMC-T2CEP-121	BLHer	5.428550	-70.346139	-99.99	LMC163.6.90184	LMC502.17.58386	-99.99	17.710	18.438	0.728	2.0614148	0.0000030	7000.24980	0.438	0.160	5.475	0.088	3.223	-99.99	-99.99	-99.99	-99.99	-99.99	-99.99	-99.99	-99.99	-99.99	-99.99	-99.99	-99.99	-99.99	-99.99	-99.99	-99.99	
OGLE-LMC-T2CEP-122	BLHer	5.430056	-68.486500	-99.99	LMC160.4.316	LMC517.25.11168	-99.99	18.245	19.027	0.782	1.5385167	0.0000034	7000.19570	0.406	0.158	5.219	0.184	1.725	-99.99	-99.99	-99.99	-99.99	-99.99	-99.99	-99.99	-99.99	-99.99	-99.99	-99.99	-99.99	-99.99	-99.99	-99.99	-99.99	
OGLE-LMC-T2CEP-123	BLHer	5.438681	-70.259639	-99.99	LMC163.4.1235	LMC502.17.70753	-99.99	18.190	18.674	0.484	1.0026320	0.0000026	7000.98860	0.606	0.319	4.725	0.136	2.808	-99.99	-99.99	-99.99	-99.99	-99.99	-99.99	-99.99	-99.99	-99.99	-99.99	-99.99	-99.99	-99.99	-99.99	-99.99	-99.99	
OGLE-LMC-T2CEP-124	BLHer	5.448833	-68.864972	-99.99	LMC160.1.42038	LMC517.15.36779	-99.99	17.868	18.590	0.722	1.7348849	0.0000030	7001.00729	0.443	0.191	5.162	0.191	2.086	-99.99	-99.99	-99.99	-99.99	-99.99	-99.99	-99.99	-99.99	-99.99	-99.99	-99.99	-99.99	-99.99	-99.99	-99.99	-99.99	
OGLE-LMC-T2CEP-125	RVTau	5.460883	-71.799194	-99.99	LMC165.1.24098	LMC501.08.12757	-99.99	14.953	15.944	0.991	33.0889165	0.0035912	7017.74823	0.707	0.212	5.998	0.125	5.491	-99.99	-99.99	-99.99	-99.99	-99.99	-99.99	-99.99	-99.99	-99.99	-99.99	-99.99	-99.99	-99.99	-99.99	-99.99	-99.99	
OGLE-LMC-T2CEP-126	WVir	5.464839	-70.858583	-99.99	LMC164.4.6903	LMC515.24.39273	-99.99	16.209	17.397	1.188	16.3272237	0.0002613	7001.27418	0.836	0.049	0.677	0.069	2.825	-99.99	-99.99	-99.99	-99.99	-99.99	-99.99	-99.99	-99.99	-99.99	-99.99	-99.99	-99.99	-99.99	-99.99	-99.99	-99.99	
OGLE-LMC-T2CEP-127	WVir	5.466611	-69.390972	LMC_SC3_108113	LMC161.2.25763	LMC516.32.21453	-99.99	16.116	17.023	0.907	12.7426893	0.0003085	7003.14604	0.397	0.127	1.917	0.074	2.645	-99.99	-99.99	-99.99	-99.99	-99.99	-99.99	-99.99	-99.99	-99.99	-99.99	-99.99	-99.99	-99.99	-99.99	-99.99	-99.99	
OGLE-LMC-T2CEP-128	WVir	5.478836	-70.234000	-99.99	LMC163.4.52111	LMC516.14.747D	-99.99	15.559	-99.99	-99.99	18.4873912	0.0144112	7010.30323	0.828	0.029	4.766	0.045	2.795	-99.99	-99.99	-99.99	-99.99	-99.99	-99.99	-99.99	-99.99	-99.99	-99.99	-99.99	-99.99	-99.99	-99.99	-99.99	-99.99	
OGLE-LMC-T2CEP-129	RVTau	5.481833	-69.878083	-99.99	LMC162.2.136567	LMC516.23.54099	LMV960 HV5868	14.113	14.826	0.713	40.4587537	0.0208870	7006.70482	0.127	0.217	5.743	0.070	2.962	-99.99	-99.99	-99.99	-99.99	-99.99	-99.99	-99.99	-99.99	-99.99	-99.99	-99.99	-99.99	-99.99	-99.99	-99.99	-99.99	
OGLE-LMC-T2CEP-130	BLHer	5.484508	-70.693861	-99.99	LMC163.1.28980	LMC515.31.40081	-99.99	17.555	18.070	0.515	1.9446423	0.0000035	7000.14241	0.731	0.393	4.944	0.250	2.743	-99.99	-99.99	-99.99	-99.99	-99.99	-99.99	-99.99	-99.99	-99.99	-99.99	-99.99	-99.99	-99.99	-99.99	-99.99	-99.99	
OGLE-LMC-T2CEP-131	BLHer	5.484769	-68.508583	-99.99	LMC167.6.22649	LMC517.23.9765	-99.99	18.204	18.930	0.726	1.4134904	0.0000034	7000.94038	0.456	0.211	4.763	0.082	6.179	-99.99	-99.99	-99.99	-99.99	-99.99	-99.99	-99.99	-99.99	-99.99	-99.99	-99.99	-99.99	-99.99	-99.99	-99.99	-99.99	
OGLE-LMC-T2CEP-132	pWVir	5.485619	-69.934528	LMC_SC3_266664	LMC169.7.185	LMC516.14.105139	-99.99	15.818	16.579	0.761	10.0073193	0.0002484	7008.80384	0.125	0.073	4.451	0.005	-99.99	-99.99	-99.99	-99.99	-99.99	-99.99	-99.99	-99.99	-99.99	-99.99	-99.99	-99.99	-99.99	-99.99	-99.99	-99.99	-99.99	
OGLE-LMC-T2CEP-133	WVir	5.489856	-70.407944	-99.99	LMC163.3.42104	LMC516.06.8786	-99.99	16.661	17.521	0.860	6.2837082	0.0001354	7005.66313	0.093	0.096	0.064	0.000	-99.99	-99.99	-99.99	-99.99	-99.99	-99.99	-99.99	-99.99	-99.99	-99.99	-99.99	-99.99	-99.99	-99.99	-99.99	-99.99	-99.99	
OGLE-LMC-T2CEP-134	pWVir	5.491247	-69.800111	LMC_SC3_290130	LMC169.6.295	LMC516.23.13287	-99.99	16.274	16.833	0.559	4.0751386	0.0000211	7000.10885	0.587	0.339	5.136	0.176	4.215	-99.99	-99.99	-99.99	-99.99	-99.99	-99.99	-99.99	-99.99	-99.99	-99.99	-99.99	-99.99	-99.99	-99.99	-99.99	-99.99	variable amplitude
OGLE-LMC-T2CEP-135	RVTau	5.494028	-69.253417	-99.99	LMC168.7.61585	LMC517.05.33859	-99.99	15.232	16.063	0.831	26.4805753	0.0011149	7026.30819	0.949	0.041	0.146	0.048	2.390	-99.99	-99.99	-99.99	-99.99	-99.99	-99.99	-99.99	-99.99	-99.99	-99.99	-99.99	-99.99	-99.99	-99.99	-99.99	-99.99	
OGLE-LMC-T2CEP-136	BLHer	5.496694	-69.592222	-99.99	LMC169.5.84583	LMC516.31.403	-99.99	17.780	18.127	0.347	1.3230875	0.0000017	7000.86433	0.532	0.230	4.389	0.101	4.969	-99.99	-99.99	-99.99	-99.99	-99.99	-99.99	-99.99	-99.99	-99.99	-99.99	-99.99	-99.99	-99.99	-99.99	-99.99	-99.99	
OGLE-LMC-T2CEP-137	WVir	5.500986	-69.634111	-99.99	LMC169.5.17594	LMC516.23.43447	-99.99	16.739	17.635	0.896	6.3625714	0.0001498	7000.51333	0.128	0.107	6.237	0.000	-99.99	-99.99	-99.99	-99.99	-99.99	-99.99	-99.99	-99.99	-99.99	-99.99	-99.99	-99.99	-99.99	-99.99	-99.99	-99.99	-99.99	
OGLE-LMC-T2CEP-138	BLHer	5.503017	-68.821417	-99.99	LMC167.8.51132	LMC517.13.42554	-99.99	18.088	18.816	0.728	1.3936059	0.0000025	7000.52363	0.477	0.219	4.776	0.075	5.872	-99.99	-99.99	-99.99	-99.99	-99.99	-99.99	-99.99	-99.99	-99.99	-99.99	-99.99	-99.99	-99.99	-99.99	-99.99	-99.99	
OGLE-LMC-T2CEP-139	WVir	5.506269	-69.153361	-99.99	LMC168.6.64199	LMC517.05.53091	-99.99	15.970	16.987	1.017	14.7972970	0.0007729	7007.27095	0.504	0.091	1.857	0.049	2.517	-99.99	-99.99	-99.99	-99.99	-99.99	-99.99	-99.99	-99.99	-99.99	-99.99	-99.99	-99.99	-99.99	-99.99	-99.99	-99.99	
OGLE-LMC-T2CEP-140	BLHer	5.506308	-69.260722	-99.99	LMC168.7.73740	LMC517.05.34762	-99.99	17.730	18.489	0.759	1.8411806	0.0000040	7001.53958	0.300	0.090	4.026	0.207	2.262	-99.99	-99.99	-99.99	-99.99	-99.99	-99.99	-99.99	-99.99	-99.99	-99.99	-99.99	-99.99	-99.99	-99.99	-99.99	-99.99	
OGLE-LMC-T2CEP-141	BLHer	5.506478	-71.650167	-99.99	LMC172.7.28618	LMC515.06.5963	-99.99	17.961	18.738	0.777	1.8229548	0.0000028	7000.96476	0.449	0.162	5.395	0.130	2.693	-99.99	-99.99	-99.99	-99.99	-99.99	-99.99	-99.99	-99.99	-99.99	-99.99	-99.99	-99.99	-99.99	-99.99	-99.99	-99.99	
OGLE-LMC-T2CEP-142	BLHer	5.509697	-68.104250	-99.99	LMC166.7.20097	LMC517.30.9695	-99.99	17.658	18.669	1.011	1.7607551	0.0000051	7000.29626	0.277	0.067	4.662	0.204	2.218	-99.99	-99.99	-99.99	-99.99	-99.99	-99.99	-99.99	-99.99	-99.99	-99.99	-99.99	-99.99	-99.99	-99.99	-99.99	-99.99	
OGLE-LMC-T2CEP-143	WVir	5.519375	-69.263583	-99.99	LMC168.7.73446	LMC517.05.135	-99.99	15.796	16.695	0.899	14.5667400	0.0002101	7000.10459	0.938	0.155	0.346	0.062	2.581	-99.99	-99.99	-99.99	-99.99	-99.99	-99.99	-99.99	-99.99	-99.99	-99.99	-99.99	-99.99	-99.99	-99.99	-99.99	-99.99	
OGLE-LMC-T2CEP-144	BLHer	5.522172	-68.865222	-99.99	LMC167.8.59384	LMC517.12.31696	-99.99	17.743	-99.99	-99.99	1.9374691	0.0000035	7000.49826	0.489	0.170	5.555	0.102	3.016	-99.99	-99.99	-99.99	-99.99	-99.99	-99.99	-99.99	-99.99	-99.99	-99.99	-99.99	-99.99	-99.99	-99.99	-99.99	-99.99	
OGLE-LMC-T2CEP-145	BLHer	5.529564	-68.978889	-99.99	LMC168.5.70191	LMC517.12.25342	-99.99	16.729	17.202	0.473	3.3367585	0.0000181	7002.70681	0.173	0.264	4.957	0.054	3.249	-99.99	-99.99	-99.99	-99.99	-99.99	-99.99	-99.99	-99.99	-99.99	-99.99	-99.99	-99.99	-99.99	-99.99	-99.99	-99.99	
OGLE-LMC-T2CEP-146	WVir	5.530006	-68.820000	-99.99	LMC167.1.26246	LMC517.12.38643	-99.99	16.405	17.382	0.977	10.0851560	0.0001607	7003.61291	0.243	0.149	1.368	0.056	1.689	-99.99	-99.99	-99.99	-99.99	-99.99	-99.99	-99.99	-99.99	-99.99	-99.99	-99.99	-99.99	-99.99	-99.99	-99.99	-99.99	
OGLE-LMC-T2CEP-147	RVTau	5.530836	-69.196194	-99.99	LMC168.6.32838	LMC517.04.40942	LMV504 HV2635	13.688	14.353	0.665	46.6678676	0.0139836	7029.68870	0.251	0.030	3.354	0.061	1.080	-99.99	-99.99	-99.99	-99.99	-99.99	-99.99	-99.99	-99.99	-99.99	-99.99	-99.99	-99.99	-99.99	-99.99	-99.99	-99.99	
OGLE-LMC-T2CEP-148	BLHer	5.531183	-69.507333	LMC_SC2_310497	LMC168.8.40656	LMC516.30.9604	-99.99	17.485	18.209	0.724	2.6717655	0.0000037	7002.25251	0.562	0.236	5.501	0.126	4.297	-99.99	-99.99	-99.99	-99.99	-99.99	-99.99	-99.99	-99.99	-99.99	-99.99	-99.99	-99.99	-99.99	-99.99	-99.99	-99.99	
OGLE-LMC-T2CEP-149	RVTau	5.548461	-69.587000	-99.99	LMC169.4.50638	LMC516.29.3	-99.99	14.199	14.872	0.673	42.7440117	0.0150549	7026.56797	0.097	0.306	5.420	0.099	2.270	-99.99	-99.99	-99.99	-99.99	-99.99	-99.99	-99.99	-99.99	-99.99	-99.99	-99.99	-99.99	-99.99	-99.99	-99.99	-99.99	
OGLE-LMC-T2CEP-151	WVir	5.576592	-69.987472	-99.99	LMC169.2.39278	LMC516.11.88830	-99.99	16.521	17.424	0.903	7.8886613	0.0001313	7003.01047	0.154	0.154	0.507	0.032	1.161	-99.99	-99.99	-99.99	-99.99	-99.99	-99.99	-99.99	-99.99	-99.99	-99.99	-99.99	-99.99	-99.99	-99.99	-99.99	-99.99	
OGLE-LMC-T2CEP-152	WVir	5.577103	-70.019028	-99.99	LMC169.1.98952	LMC516.11.74196	-99.99	16.377	17.340	0.963	9.3097552	0.0002193	7009.29356	0.445	0.136	6.016	0.057	0.512	-99.99	-99.99	-99.99	-99.99	-99.99	-99.99	-99.99	-99.99	-99.99	-99.99	-99.99	-99.99	-99.99	-99.99	-99.99	-99.99	
OGLE-LMC-T2CEP-153	BLHer	5.579183	-71.149972	-99.99	LMC171.2.7699	LMC515.20.574D	-99.99	16.575	16.642	0.067	1.1751696	0.0000141	7000.01243	0.120	0.289	4.984	0.144	3.366	-99.99	-99.99	-99.99	-99.99	-99.99	-99.99	-99.99	-99.99	-99.99	-99.99	-99.99	-99.99	-99.99	-99.99	-99.99	-99.99	
OGLE-LMC-T2CEP-154	pWVir	5.588303	-70.915889	-99.99	LMC171.3.53717	LMC515.20.49581	-99.99	15.281	15.780	0.499	7.5750334	0.0001349	7000.22051	0.141	0.170	5.648	0.040	4.798	-99.99	-99.99	-99.99	-99.99	-99.99	-99.99	-99.99	-99.99	-99.99	-99.99	-99.99	-99.99	-99.99	-99.99	-99.99	-99.99	
OGLE-LMC-T2CEP-155	WVir	5.591328	-70.795583	-99.99	LMC171.4.19217	LMC515.28.33066	-99.99	16.891	17.646	0.755	6.8944173	0.0001778	7006.19112	0.143	0.120	0.188	0.001	-99.99	-99.99	-99.99	-99.99	-99.99	-99.99	-99.99	-99.99	-99.99	-99.99	-99.99	-99.99	-99.99	-99.99	-99.99	-99.99	-99.99	
OGLE-LMC-T2CEP-156	WVir	5.600425	-71.003111	-99.99	LMC171.3.27641	LMC515.20.6141	-99.99	15.956	16.968	1.012	15.3719678	0.0001701	7012.40118	0.867	0.086	0.776	0.084	2.886	-99.99	-99.99	-99.99	-99.99	-99.99	-99.99	-99.99	-99.99	-99.99	-99.99	-99.99	-99.99	-99.99	-99.99	-99.99	-99.99	
OGLE-LMC-T2CEP-157	WVir	5.600722	-69.454444	-99.99	LMC175.8.52054	LMC516.27.38757	-99.99	16.031	17.050	1.019	14.3363790	0.0003946	7013.02818	0.749	0.127	1.172	0.112	2.181	-99.99	-99.99	-99.99	-99.99	-99.99	-99.99	-99.99	-99.99	-99.99	-99.99	-99.99	-99.99	-99.99	-99.99	-99.99	-99.99	
OGLE-LMC-T2CEP-158	WVir	5.602428	-68.400000	-99.99	LMC174.5.288	LMC517.19.17135	-99.99	16.688	17.585	0.897	7.1385220	0.0001126	7001.47789	0.133	0.132	0.066	0.000	-99.99	-99.99	-99.99	-99.99	-99.99	-99.99	-99.99	-99.99	-99.99	-99.99	-99.99	-99.99	-99.99	-99.99	-99.99	-99.99	-99.99	
OGLE-LMC-T2CEP-159	WVir	5.611706	-69.519944	-99.99	LMC175.8.11378	LMC516.27.6839	-99.99	16.824	17.758	0.934	6.6309647	0.0002454	7006.27654	0.050	0.093	5.927	0.000	-99.99	-99.99	-99.99	-99.99	-99.99	-99.99	-99.99	-99.99	-99.99	-99.99	-99.99	-99.99	-99.99	-99.99	-99.99	-99.99	-99.99	uncertain
OGLE-LMC-T2CEP-160	BLHer	5.620461	-70.848667	-99.99	LMC178.5.495	LMC515.19.6480D	-99.99	17.768	-99.99	-99.99	1.7567916	0.0000086	7000.26044	0.557	0.308	4.851	0.215	2.318	-99.99	-99.99	-99.99	-99.99	-99.99	-99.99	-99.99	-99.99	-99.99	-99.99	-99.99	-99.99	-99.99	-99.99	-99.99	-99.99	
OGLE-LMC-T2CEP-161	WVir	5.628997	-71.195944	-99.99	LMC178.8.34938	LMC515.10.20972	-99.99	15.989	17.061	1.072	8.5372564	0.0001793	7002.27876	0.091	0.138	0.715	0.000	-99.99	-99.99	-99.99	-99.99	-99.99	-99.99	-99.99	-99.99	-99.99	-99.99	-99.99	-99.99	-99.99	-99.99	-99.99	-99.99	-99.99	
OGLE-LMC-T2CEP-162	RVTau	5.629153	-69.904583	-99.99	LMC176.7.71062	LMC516.18.28902	CV474	15.145	16.255	1.110	30.4278953	0.0024918	7021.08623	0.812	0.188	5.922	0.059	5.632	-99.99	-99.99	-99.99	-99.99	-99.99	-99.99	-99.99	-99.99	-99.99	-99.99	-99.99	-99.99	-99.99	-99.99	-99.99	-99.99	
OGLE-LMC-T2CEP-163	BLHer	5.631522	-68.348583	-99.99	LMC173.1.624	LMC554.16.670	-99.99	17.701	18.362	0.661	1.6936982	0.0000023	7000.59681	0.382	0.145	5.258	0.183	2.306	-99.99	-99.99	-99.99	-99.99	-99.99	-99.99	-99.99	-99.99	-99.99	-99.99	-99.99	-99.99	-99.99	-99.99	-99.99	-99.99	
OGLE-LMC-T2CEP-165	BLHer	5.637578	-69.482528	-99.99	LMC175.8.33878	LMC516.26.4441	-99.99	18.790	19.717	0.927	1.2406850	0.0000027	7000.63977	0.612	0.281	4.347	0.114	4.167	-99.99	-99.99	-99.99	-99.99	-99.99	-99.99	-99.99	-99.99	-99.99	-99.99	-99.99	-99.99	-99.99	-99.99	-99.99	-99.99	
OGLE-LMC-T2CEP-166	BLHer	5.641417	-69.751750	-99.99	LMC176.6.66816	LMC516.18.15957	-99.99	16.917	17.709	0.792	2.1105563	0.0000033	7000.32068	0.276	0.144	5.287	0.118	2.895	-99.99	-99.99	-99.99	-99.99	-99.99	-99.99	-99.99	-99.99	-99.99	-99.99	-99.99	-99.99	-99.99	-99.99	-99.99	-99.99	
OGLE-LMC-T2CEP-167	BLHer	5.650706	-69.627361	-99.99	LMC176.4.273	LMC516.18.23554	-99.99	17.759	18.618	0.859	2.3118702	0.0000043	7000.30919	0.534	0.207	5.380	0.089	3.892	-99.99	-99.99	-99.99	-99.99	-99.99	-99.99	-99.99	-99.99	-99.99	-99.99	-99.99	-99.99	-99.99	-99.99	-99.99	-99.99	
OGLE-LMC-T2CEP-168	WVir	5.652519	-68.325000	-99.99	LMC173.1.14300	LMC554.15.124	-99.99	15.793	16.746	0.953	15.6928643	0.0002635	7008.65964	0.763	0.068	1.661	0.084	2.578	-99.99	-99.99	-99.99	-99.99	-99.99	-99.99	-99.99	-99.99	-99.99	-99.99	-99.99	-99.99	-99.99	-99.99	-99.99	-99.99	
OGLE-LMC-T2CEP-169	RVTau	5.659114	-71.365083	-99.99	LMC179.5.32048	LMC515.09.32368	HV12631	14.728	15.646	0.918	31.0817796	0.0028016	7011.47819	0.749	0.207	6.066	0.104	5.517	-99.99	-99.99	-99.99	-99.99	-99.99	-99.99	-99.99	-99.99	-99.99	-99.99	-99.99	-99.99	-99.99	-99.99	-99.99	-99.99	
OGLE-LMC-T2CEP-170	WVir	5.660589	-68.806944	-99.99	LMC174.2.623	LMC517.08.8766	-99.99	16.671	17.703	1.032	7.6734581	0.0001684	7004.08090	0.149	0.133	0.381	0.000	-99.99	-99.99	-99.99	-99.99	-99.99	-99.99	-99.99	-99.99	-99.99	-99.99	-99.99	-99.99	-99.99	-99.99	-99.99	-99.99	-99.99	
OGLE-LMC-T2CEP-171	BLHer	5.661378	-69.967028	LMC_SC17_231021	LMC176.2.592	LMC516.08.56985	-99.99	17.826	18.524	0.698	1.5549225	0.0000039	7000.52222	0.278	0.056	2.397	0.192	1.606	-99.99	-99.99	-99.99	-99.99	-99.99	-99.99	-99.99	-99.99	-99.99	-99.99	-99.99	-99.99	-99.99	-99.99	-99.99	-99.99	
OGLE-LMC-T2CEP-172	WVir	5.662339	-70.139389	LMC_SC17_221134	LMC177.4.49125	LMC516.08.37980	-99.99	16.383	17.486	1.103	11.2345552	0.0001792	7008.17662	0.291	0.125	1.665	0.061	2.226	-99.99	-99.99	-99.99	-99.99	-99.99	-99.99	-99.99	-99.99	-99.99	-99.99	-99.99	-99.99	-99.99	-99.99	-99.99	-99.99	
OGLE-LMC-T2CEP-173	WVir	5.663869	-69.848028	LMC_SC17_237748	LMC176.2.39112	LMC516.17.26491	-99.99	18.475	20.187	1.712	4.1469897	0.0000232	7000.11462	0.526	0.389	5.497	0.175	4.384	-99.99	-99.99	-99.99	-99.99	-99.99	-99.99	-99.99	-99.99	-99.99	-99.99	-99.99	-99.99	-99.99	-99.99	-99.99	-99.99	
OGLE-LMC-T2CEP-174	RVTau	5.666806	-69.704083	-99.99	LMC176.3.38008	LMC516.17.38363	LMV621 HV2764	13.703	14.467	0.764	47.0358922	0.0207078	7027.69756	0.216	0.117	1.070	0.067	0.690	-99.99	-99.99	-99.99	-99.99	-99.99	-99.99	-99.99	-99.99	-99.99	-99.99	-99.99	-99.99	-99.99	-99.99	-99.99	-99.99	
OGLE-LMC-T2CEP-175	WVir	5.667739	-68.552722	-99.99	LMC174.3.20509	LMC554.06.265	-99.99	16.366	-99.99	-99.99	9.3337390	0.0003964	7008.17944	0.134	0.151	0.988	0.003	-99.99	-99.99	-99.99	-99.99	-99.99	-99.99	-99.99	-99.99	-99.99	-99.99	-99.99	-99.99	-99.99	-99.99	-99.99	-99.99	-99.99	
OGLE-LMC-T2CEP-176	WVir	5.669408	-68.034917	-99.99	LMC173.3.13562	LMC554.23.269	-99.99	16.441	17.331	0.890	7.9902647	0.0001405	7005.16467	0.156	0.157	0.492	0.044	1.115	-99.99	-99.99	-99.99	-99.99	-99.99	-99.99	-99.99	-99.99	-99.99	-99.99	-99.99	-99.99	-99.99	-99.99	-99.99	-99.99	
OGLE-LMC-T2CEP-177	WVir	5.676819	-69.217889	-99.99	LMC175.3.9979	LMC553.24.5201	-99.99	16.144	17.291	1.147	15.0343701	0.0001989	7006.44178	0.803	0.105	1.191	0.104	2.514	-99.99	-99.99	-99.99	-99.99	-99.99	-99.99	-99.99	-99.99	-99.99	-99.99	-99.99	-99.99	-99.99	-99.99	-99.99	-99.99	
OGLE-LMC-T2CEP-178	WVir	5.705281	-70.402222	LMC_SC18_185847	LMC177.3.39980	LMC552.24.7453	-99.99	16.321	17.386	1.065	12.1852578	0.0005420	7005.54685	0.264	0.111	2.201	0.073	2.736	-99.99	-99.99	-99.99	-99.99	-99.99	-99.99	-99.99	-99.99	-99.99	-99.99	-99.99	-99.99	-99.99	-99.99	-99.99	-99.99	
OGLE-LMC-T2CEP-179	WVir	5.717783	-70.026000	-99.99	LMC184.8.990	LMC552.31.49168	-99.99	16.743	17.816	1.073	8.0515583	0.0001621	7000.83060	0.145	0.140	0.524	0.002	-99.99	-99.99	-99.99	-99.99	-99.99	-99.99	-99.99	-99.99	-99.99	-99.99	-99.99	-99.99	-99.99	-99.99	-99.99	-99.99	-99.99	
OGLE-LMC-T2CEP-180	RVTau	5.720239	-68.565889	-99.99	LMC182.6.23541	LMC554.05.47	-99.99	14.482	15.278	0.796	30.8160712	0.0025070	7026.39150	0.452	0.298	5.901	0.141	4.678	-99.99	-99.99	-99.99	-99.99	-99.99	-99.99	-99.99	-99.99	-99.99	-99.99	-99.99	-99.99	-99.99	-99.99	-99.99	-99.99	
OGLE-LMC-T2CEP-181	pWVir	5.727061	-70.634694	LMC_SC19_74281	LMC185.8.44861	LMC552.14.17744	-99.99	16.200	16.983	0.783	7.1968153	0.0002321	7000.99856	0.133	0.060	3.959	0.032	4.105	-99.99	-99.99	-99.99	-99.99	-99.99	-99.99	-99.99	-99.99	-99.99	-99.99	-99.99	-99.99	-99.99	-99.99	-99.99	-99.99	
OGLE-LMC-T2CEP-182	WVir	5.729692	-70.710139	-99.99	LMC185.8.11623	LMC552.14.8055	-99.99	16.317	17.220	0.903	8.2358185	0.0004253	7004.40485	0.447	0.187	5.705	0.054	5.232	-99.99	-99.99	-99.99	-99.99	-99.99	-99.99	-99.99	-99.99	-99.99	-99.99	-99.99	-99.99	-99.99	-99.99	-99.99	-99.99	
OGLE-LMC-T2CEP-183	WVir	5.742497	-69.806056	-99.99	LMC184.6.39328	LMC553.05.6381	-99.99	17.311	18.596	1.285	6.5082862	0.0001627	7006.06149	0.123	0.103	6.109	0.000	-99.99	-99.99	-99.99	-99.99	-99.99	-99.99	-99.99	-99.99	-99.99	-99.99	-99.99	-99.99	-99.99	-99.99	-99.99	-99.99	-99.99	
OGLE-LMC-T2CEP-184	WVir	5.750053	-69.606028	-99.99	LMC184.5.35563	LMC553.12.1155D	-99.99	16.394	17.698	1.304	14.8243837	0.0014241	7012.75105	0.618	0.033	1.215	0.049	2.467	-99.99	-99.99	-99.99	-99.99	-99.99	-99.99	-99.99	-99.99	-99.99	-99.99	-99.99	-99.99	-99.99	-99.99	-99.99	-99.99	
OGLE-LMC-T2CEP-185	WVir	5.753814	-69.860778	-99.99	LMC184.7.43248	LMC553.04.19998	-99.99	14.532	15.703	1.171	12.6956575	0.0002047	7002.09605	0.141	0.163	2.570	0.170	1.928	-99.99	-99.99	-99.99	-99.99	-99.99	-99.99	-99.99	-99.99	-99.99	-99.99	-99.99	-99.99	-99.99	-99.99	-99.99	-99.99	
OGLE-LMC-T2CEP-186	WVir	5.754228	-68.814556	-99.99	LMC182.1.205	LMC553.29.21134	-99.99	15.872	16.952	1.080	16.3767384	0.0004023	7008.30677	0.781	0.045	1.011	0.069	2.774	-99.99	-99.99	-99.99	-99.99	-99.99	-99.99	-99.99	-99.99	-99.99	-99.99	-99.99	-99.99	-99.99	-99.99	-99.99	-99.99	
OGLE-LMC-T2CEP-187	BLHer	5.767153	-69.758250	-99.99	LMC184.3.452	LMC553.04.11388	-99.99	17.728	18.582	0.854	2.4045326	0.0000030	7002.19488	0.733	0.359	5.059	0.212	3.415	-99.99	-99.99	-99.99	-99.99	-99.99	-99.99	-99.99	-99.99	-99.99	-99.99	-99.99	-99.99	-99.99	-99.99	-99.99	-99.99	
OGLE-LMC-T2CEP-188	BLHer	5.770692	-69.984972	-99.99	LMC184.2.1570	LMC552.29.5474D	-99.99	18.003	19.065	1.062	1.0493152	0.0000072	7000.18262	0.583	0.349	4.629	0.122	2.567	-99.99	-99.99	-99.99	-99.99	-99.99	-99.99	-99.99	-99.99	-99.99	-99.99	-99.99	-99.99	-99.99	-99.99	-99.99	-99.99	
OGLE-LMC-T2CEP-189	BLHer	5.794458	-68.836556	-99.99	LMC189.8.467	LMC553.28.3221	-99.99	18.065	18.664	0.599	1.3076796	0.0000024	7000.42124	0.599	0.266	4.436	0.044	4.531	-99.99	-99.99	-99.99	-99.99	-99.99	-99.99	-99.99	-99.99	-99.99	-99.99	-99.99	-99.99	-99.99	-99.99	-99.99	-99.99	
OGLE-LMC-T2CEP-190	RVTau	5.839019	-69.515194	-99.99	LMC190.8.16276	LMC553.09.18570	HV6070	14.295	15.250	0.955	37.9292309	0.0107753	7021.31016	0.316	0.268	5.643	0.052	4.662	-99.99	-99.99	-99.99	-99.99	-99.99	-99.99	-99.99	-99.99	-99.99	-99.99	-99.99	-99.99	-99.99	-99.99	-99.99	-99.99	
OGLE-LMC-T2CEP-191	RVTau	5.856261	-69.897611	-99.99	LMC191.7.21922	LMC553.01.5	HV2862	14.165	14.985	0.820	34.5653937	0.0062606	7030.63704	0.524	0.255	5.858	0.125	4.995	-99.99	-99.99	-99.99	-99.99	-99.99	-99.99	-99.99	-99.99	-99.99	-99.99	-99.99	-99.99	-99.99	-99.99	-99.99	-99.99	
OGLE-LMC-T2CEP-192	RVTau	5.898803	-70.286500	-99.99	LMC192.3.45	LMC560.07.11642	-99.99	15.248	16.155	0.907	26.1783394	0.0020904	7024.90293	0.858	0.143	6.080	0.054	6.129	-99.99	-99.99	-99.99	-99.99	-99.99	-99.99	-99.99	-99.99	-99.99	-99.99	-99.99	-99.99	-99.99	-99.99	-99.99	-99.99	
OGLE-LMC-T2CEP-193	WVir	5.921253	-71.842389	-99.99	LMC194.8.5399	LMC551.09.5898	-99.99	16.591	17.535	0.944	7.0017690	0.0001005	7001.09830	0.165	0.162	0.146	0.030	-99.99	-99.99	-99.99	-99.99	-99.99	-99.99	-99.99	-99.99	-99.99	-99.99	-99.99	-99.99	-99.99	-99.99	-99.99	-99.99	-99.99	
OGLE-LMC-T2CEP-194	BLHer	5.953342	-72.287028	-99.99	LMC195.2.499	LMC558.25.237	-99.99	17.906	18.481	0.575	1.3144986	0.0000015	7001.16189	0.643	0.285	4.333	0.069	4.589	-99.99	-99.99	-99.99	-99.99	-99.99	-99.99	-99.99	-99.99	-99.99	-99.99	-99.99	-99.99	-99.99	-99.99	-99.99	-99.99	
OGLE-LMC-T2CEP-195	BLHer	6.046186	-72.213083	-99.99	LMC202.7.4975	LMC558.22.4213	-99.99	17.334	18.133	0.799	2.7529384	0.0000064	7001.77039	0.602	0.259	5.326	0.129	4.053	-99.99	-99.99	-99.99	-99.99	-99.99	-99.99	-99.99	-99.99	-99.99	-99.99	-99.99	-99.99	-99.99	-99.99	-99.99	-99.99	
OGLE-LMC-T2CEP-196	WVir	6.206911	-70.923417	-99.99	LMC215.6.68	LMC567.05.5227	-99.99	15.635	16.585	0.950	14.9744872	0.0002130	7005.64733	0.901	0.116	0.634	0.078	2.818	-99.99	-99.99	-99.99	-99.99	-99.99	-99.99	-99.99	-99.99	-99.99	-99.99	-99.99	-99.99	-99.99	-99.99	-99.99	-99.99	
OGLE-LMC-T2CEP-197	BLHer	6.238689	-69.845639	-99.99	LMC213.2.3423	LMC568.02.548	-99.99	17.895	18.502	0.607	1.2241348	0.0000014	7001.14837	0.591	0.285	4.942	0.157	3.474	-99.99	-99.99	-99.99	-99.99	-99.99	-99.99	-99.99	-99.99	-99.99	-99.99	-99.99	-99.99	-99.99	-99.99	-99.99	-99.99	in globular cluster Hodge 11
OGLE-LMC-T2CEP-198	RVTau	4.659794	-69.558056	-99.99	LMC150.4.35	LMC538.28.32	-99.99	15.304	16.512	1.208	38.5236801	0.0063073	7010.94496	0.695	0.069	6.193	0.011	4.016	-99.99	-99.99	-99.99	-99.99	-99.99	-99.99	-99.99	-99.99	-99.99	-99.99	-99.99	-99.99	-99.99	-99.99	-99.99	-99.99	
OGLE-LMC-T2CEP-199	RVTau	5.079119	-68.975500	-99.99	LMC119.5.79718	LMC510.13.7	HV5566	13.629	13.847	0.218	37.2402308	0.0166836	7002.08098	0.107	0.139	6.060	0.089	2.938	-99.99	-99.99	-99.99	-99.99	-99.99	-99.99	-99.99	-99.99	-99.99	-99.99	-99.99	-99.99	-99.99	-99.99	-99.99	-99.99	
OGLE-LMC-T2CEP-200	RVTau	5.232344	-69.532861	-99.99	LMC111.1.9875	LMC503.15.12684	-99.99	14.979	16.360	1.381	34.8623009	0.0113791	7025.13223	0.389	0.274	5.020	0.175	4.740	-99.99	-99.99	-99.99	-99.99	-99.99	-99.99	-99.99	-99.99	-99.99	-99.99	-99.99	-99.99	-99.99	-99.99	-99.99	-99.99	RVb star (P_long = 850 d)
OGLE-LMC-T2CEP-201	pWVir	5.253519	-69.218889	-99.99	LMC111.3.36897	LMC503.23.75381	-99.99	14.630	15.120	0.490	11.0119303	0.0006366	7007.32128	0.083	0.069	5.189	0.003	-99.99	-99.99	-99.99	-99.99	-99.99	-99.99	-99.99	-99.99	-99.99	-99.99	-99.99	-99.99	-99.99	-99.99	-99.99	-99.99	-99.99	
OGLE-LMC-T2CEP-203	RVTau	5.376053	-69.635694	-99.99	LMC162.5.63	LMC503.02.110154	-99.99	15.393	16.733	1.340	37.3398912	0.0082959	7027.29845	0.262	0.319	0.680	0.087	0.080	-99.99	-99.99	-99.99	-99.99	-99.99	-99.99	-99.99	-99.99	-99.99	-99.99	-99.99	-99.99	-99.99	-99.99	-99.99	-99.99	
OGLE-LMC-T2CEP-204	BLHer	4.137475	-71.338472	-99.99	-99.99	MBR145.28.1231	-99.99	17.628	18.351	0.723	1.9271756	0.0000022	7000.15494	0.776	0.428	4.903	0.263	2.678	-99.99	-99.99	-99.99	-99.99	-99.99	-99.99	-99.99	-99.99	-99.99	-99.99	-99.99	-99.99	-99.99	-99.99	-99.99	-99.99	
OGLE-LMC-T2CEP-205	BLHer	4.268081	-64.153500	-99.99	-99.99	LMC620.11.859	-99.99	17.236	17.971	0.735	1.9909678	0.0000124	7001.86428	0.394	0.153	5.425	0.085	3.075	-99.99	-99.99	-99.99	-99.99	-99.99	-99.99	-99.99	-99.99	-99.99	-99.99	-99.99	-99.99	-99.99	-99.99	-99.99	-99.99	
OGLE-LMC-T2CEP-206	BLHer	4.373969	-67.918472	-99.99	-99.99	LMC547.25.213	-99.99	18.068	18.653	0.585	1.2822716	0.0000023	7000.95843	0.562	0.217	4.555	0.088	4.890	-99.99	-99.99	-99.99	-99.99	-99.99	-99.99	-99.99	-99.99	-99.99	-99.99	-99.99	-99.99	-99.99	-99.99	-99.99	-99.99	
OGLE-LMC-T2CEP-207	RVTau	4.554931	-68.889194	-99.99	-99.99	LMC539.16.129	-99.99	17.229	18.240	1.011	39.5265822	0.0138893	7000.77946	0.515	0.247	5.987	0.084	5.154	-99.99	-99.99	-99.99	-99.99	-99.99	-99.99	-99.99	-99.99	-99.99	-99.99	-99.99	-99.99	-99.99	-99.99	-99.99	-99.99	faint RV Tau star, RVb star (P_long = 850 d)
OGLE-LMC-T2CEP-208	pWVir	4.625478	-71.610250	-99.99	-99.99	LMC537.03.5002	-99.99	15.315	16.111	0.796	8.5564792	0.0000352	7005.29980	0.731	0.365	5.340	0.196	4.068	-99.99	-99.99	-99.99	-99.99	-99.99	-99.99	-99.99	-99.99	-99.99	-99.99	-99.99	-99.99	-99.99	-99.99	-99.99	-99.99	
OGLE-LMC-T2CEP-209	BLHer	4.647139	-73.176500	-99.99	-99.99	LMC528.16.239	-99.99	17.816	18.646	0.830	2.1054714	0.0000035	7002.08341	0.421	0.151	5.508	0.092	3.267	-99.99	-99.99	-99.99	-99.99	-99.99	-99.99	-99.99	-99.99	-99.99	-99.99	-99.99	-99.99	-99.99	-99.99	-99.99	-99.99	
OGLE-LMC-T2CEP-210	WVir	4.698456	-70.944167	-99.99	-99.99	LMC537.18.6767	-99.99	16.653	17.705	1.052	8.9917562	0.0002498	7007.97892	0.112	0.104	1.338	0.004	-99.99	-99.99	-99.99	-99.99	-99.99	-99.99	-99.99	-99.99	-99.99	-99.99	-99.99	-99.99	-99.99	-99.99	-99.99	-99.99	-99.99	
OGLE-LMC-T2CEP-211	pWVir	4.774289	-70.987972	-99.99	-99.99	LMC530.06.8280	-99.99	16.104	16.984	0.880	9.3932320	0.0000856	7005.89688	0.456	0.264	5.662	0.060	4.781	-99.99	-99.99	-99.99	-99.99	-99.99	-99.99	-99.99	-99.99	-99.99	-99.99	-99.99	-99.99	-99.99	-99.99	-99.99	-99.99	type II Cepheid in an eclipsing binary system (P_orb = 242.220 d)
OGLE-LMC-T2CEP-212	BLHer	4.775858	-72.345667	-99.99	-99.99	LMC529.05.270	-99.99	17.685	18.380	0.695	1.8247473	0.0000024	7001.11795	0.529	0.270	4.961	0.197	2.306	-99.99	-99.99	-99.99	-99.99	-99.99	-99.99	-99.99	-99.99	-99.99	-99.99	-99.99	-99.99	-99.99	-99.99	-99.99	-99.99	
OGLE-LMC-T2CEP-213	BLHer	4.801469	-72.541361	-99.99	-99.99	LMC528.29.548	-99.99	18.067	18.734	0.667	1.4956963	0.0000033	7000.28396	0.535	0.267	4.770	0.113	0.568	-99.99	-99.99	-99.99	-99.99	-99.99	-99.99	-99.99	-99.99	-99.99	-99.99	-99.99	-99.99	-99.99	-99.99	-99.99	-99.99	
OGLE-LMC-T2CEP-214	BLHer	4.831469	-64.068278	-99.99	-99.99	LMC586.10.297D	-99.99	18.009	-99.99	-99.99	1.2069662	0.0000167	7000.81217	0.547	0.175	4.676	0.115	4.107	-99.99	-99.99	-99.99	-99.99	-99.99	-99.99	-99.99	-99.99	-99.99	-99.99	-99.99	-99.99	-99.99	-99.99	-99.99	-99.99	
OGLE-LMC-T2CEP-215	BLHer	4.854742	-63.985556	-99.99	-99.99	LMC586.09.105	-99.99	17.809	18.417	0.608	1.3608379	0.0000020	7000.86884	0.561	0.188	4.594	0.152	4.763	-99.99	-99.99	-99.99	-99.99	-99.99	-99.99	-99.99	-99.99	-99.99	-99.99	-99.99	-99.99	-99.99	-99.99	-99.99	-99.99	
OGLE-LMC-T2CEP-216	WVir	4.933578	-74.928750	-99.99	-99.99	LMC636.15.3802	-99.99	15.979	16.930	0.951	15.9754260	0.0025292	7003.55581	0.777	0.081	1.340	0.078	2.983	-99.99	-99.99	-99.99	-99.99	-99.99	-99.99	-99.99	-99.99	-99.99	-99.99	-99.99	-99.99	-99.99	-99.99	-99.99	-99.99	
OGLE-LMC-T2CEP-217	WVir	4.947861	-66.283556	-99.99	-99.99	LMC533.28.11373	-99.99	16.114	16.977	0.863	10.1285311	0.0002165	7009.11173	0.173	0.137	1.590	0.039	1.718	-99.99	-99.99	-99.99	-99.99	-99.99	-99.99	-99.99	-99.99	-99.99	-99.99	-99.99	-99.99	-99.99	-99.99	-99.99	-99.99	
OGLE-LMC-T2CEP-218	BLHer	4.948261	-63.543972	-99.99	-99.99	LMC583.05.1984	-99.99	17.777	18.379	0.602	1.5709513	0.0000034	7001.52153	0.479	0.242	4.825	0.127	1.039	-99.99	-99.99	-99.99	-99.99	-99.99	-99.99	-99.99	-99.99	-99.99	-99.99	-99.99	-99.99	-99.99	-99.99	-99.99	-99.99	
OGLE-LMC-T2CEP-219	pWVir	4.996028	-66.183083	-99.99	-99.99	LMC534.02.115	LMV1808 HV12497	15.703	16.598	0.895	10.3382895	0.0002234	7004.19145	0.274	0.175	4.557	0.052	3.732	-99.99	-99.99	-99.99	-99.99	-99.99	-99.99	-99.99	-99.99	-99.99	-99.99	-99.99	-99.99	-99.99	-99.99	-99.99	-99.99	secondary period 95.97 d
OGLE-LMC-T2CEP-220	WVir	4.997039	-74.622083	-99.99	-99.99	LMC636.22.4372	-99.99	16.359	17.335	0.976	9.3950861	0.0008633	7000.56906	0.184	0.126	1.084	0.000	-99.99	-99.99	-99.99	-99.99	-99.99	-99.99	-99.99	-99.99	-99.99	-99.99	-99.99	-99.99	-99.99	-99.99	-99.99	-99.99	-99.99	
OGLE-LMC-T2CEP-221	pWVir	5.022819	-74.670250	-99.99	-99.99	LMC636.21.4428	-99.99	16.247	17.147	0.900	7.7072093	0.0004788	7006.63498	0.499	0.144	4.565	0.052	2.569	-99.99	-99.99	-99.99	-99.99	-99.99	-99.99	-99.99	-99.99	-99.99	-99.99	-99.99	-99.99	-99.99	-99.99	-99.99	-99.99	
OGLE-LMC-T2CEP-222	BLHer	5.074269	-71.632000	-99.99	-99.99	LMC508.04.362	-99.99	17.208	17.878	0.670	3.0209335	0.0000038	7002.64422	0.603	0.353	5.260	0.187	4.019	-99.99	-99.99	-99.99	-99.99	-99.99	-99.99	-99.99	-99.99	-99.99	-99.99	-99.99	-99.99	-99.99	-99.99	-99.99	-99.99	
OGLE-LMC-T2CEP-223	RVTau	5.076622	-72.660111	-99.99	-99.99	LMC507.11.29	-99.99	14.917	15.883	0.966	33.9793603	0.0049994	7020.52965	0.899	0.183	5.868	0.064	5.843	-99.99	-99.99	-99.99	-99.99	-99.99	-99.99	-99.99	-99.99	-99.99	-99.99	-99.99	-99.99	-99.99	-99.99	-99.99	-99.99	
OGLE-LMC-T2CEP-224	pWVir	5.095447	-69.096472	LMC_SC13_74219	LMC119.5.40727	LMC510.04.57926	-99.99	16.105	16.693	0.588	6.3400107	0.0001001	7002.46138	0.232	0.128	5.428	0.023	4.311	-99.99	-99.99	-99.99	-99.99	-99.99	-99.99	-99.99	-99.99	-99.99	-99.99	-99.99	-99.99	-99.99	-99.99	-99.99	-99.99	type II Cepheid in an eclipsing binary system (P_orb = 84.230 d)
OGLE-LMC-T2CEP-225	RVTau	5.106469	-71.381139	-99.99	-99.99	LMC508.11.58	-99.99	14.996	15.890	0.894	26.8178622	0.0016614	7010.74297	0.807	0.251	5.894	0.087	4.687	-99.99	-99.99	-99.99	-99.99	-99.99	-99.99	-99.99	-99.99	-99.99	-99.99	-99.99	-99.99	-99.99	-99.99	-99.99	-99.99	
OGLE-LMC-T2CEP-226	WVir	5.112061	-72.839306	-99.99	-99.99	LMC507.02.7041	-99.99	15.720	16.567	0.847	13.3958778	0.0002441	7003.68922	0.923	0.413	5.738	0.038	3.079	-99.99	-99.99	-99.99	-99.99	-99.99	-99.99	-99.99	-99.99	-99.99	-99.99	-99.99	-99.99	-99.99	-99.99	-99.99	-99.99	
OGLE-LMC-T2CEP-227	WVir	5.137556	-72.544861	-99.99	-99.99	LMC507.10.91	-99.99	15.951	16.959	1.008	14.8711379	0.0005949	7006.44976	0.709	0.107	1.275	0.101	2.372	-99.99	-99.99	-99.99	-99.99	-99.99	-99.99	-99.99	-99.99	-99.99	-99.99	-99.99	-99.99	-99.99	-99.99	-99.99	-99.99	
OGLE-LMC-T2CEP-228	BLHer	5.138653	-77.955528	-99.99	-99.99	LMC633.27.1335	-99.99	17.825	18.357	0.532	1.2484989	0.0000098	7000.36145	0.551	0.233	4.580	0.109	3.345	-99.99	-99.99	-99.99	-99.99	-99.99	-99.99	-99.99	-99.99	-99.99	-99.99	-99.99	-99.99	-99.99	-99.99	-99.99	-99.99	
OGLE-LMC-T2CEP-229	BLHer	5.184883	-64.867278	-99.99	-99.99	LMC513.19.696	-99.99	17.678	18.294	0.616	1.2858606	0.0000037	7000.45374	0.211	0.218	5.093	0.000	-99.99	-99.99	-99.99	-99.99	-99.99	-99.99	-99.99	-99.99	-99.99	-99.99	-99.99	-99.99	-99.99	-99.99	-99.99	-99.99	-99.99	
OGLE-LMC-T2CEP-230	RVTau	5.220550	-71.533583	-99.99	-99.99	LMC501.24.5256	-99.99	15.226	16.305	1.079	30.6064515	0.0020234	7021.38136	0.759	0.117	5.513	0.012	2.270	-99.99	-99.99	-99.99	-99.99	-99.99	-99.99	-99.99	-99.99	-99.99	-99.99	-99.99	-99.99	-99.99	-99.99	-99.99	-99.99	
OGLE-LMC-T2CEP-231	BLHer	5.237244	-65.524611	-99.99	-99.99	LMC506.24.683	-99.99	17.684	18.382	0.698	1.8454664	0.0000029	7000.70619	0.374	0.100	5.030	0.182	2.353	-99.99	-99.99	-99.99	-99.99	-99.99	-99.99	-99.99	-99.99	-99.99	-99.99	-99.99	-99.99	-99.99	-99.99	-99.99	-99.99	
OGLE-LMC-T2CEP-232	WVir	5.255378	-72.175167	-99.99	-99.99	LMC501.06.7602	-99.99	16.051	16.956	0.905	12.7685807	0.0004500	7010.25841	0.283	0.098	2.017	0.079	3.343	-99.99	-99.99	-99.99	-99.99	-99.99	-99.99	-99.99	-99.99	-99.99	-99.99	-99.99	-99.99	-99.99	-99.99	-99.99	-99.99	
OGLE-LMC-T2CEP-233	RVTau	5.268767	-67.232139	-99.99	-99.99	LMC505.06.12589	HV5690	14.439	15.101	0.662	33.4233312	0.0176058	7027.12470	0.099	0.047	4.627	0.051	2.305	-99.99	-99.99	-99.99	-99.99	-99.99	-99.99	-99.99	-99.99	-99.99	-99.99	-99.99	-99.99	-99.99	-99.99	-99.99	-99.99	
OGLE-LMC-T2CEP-234	WVir	5.299033	-65.853944	-99.99	-99.99	LMC506.13.84	-99.99	16.320	17.229	0.909	9.1976977	0.0001963	7008.65540	0.202	0.135	0.961	0.039	1.526	-99.99	-99.99	-99.99	-99.99	-99.99	-99.99	-99.99	-99.99	-99.99	-99.99	-99.99	-99.99	-99.99	-99.99	-99.99	-99.99	
OGLE-LMC-T2CEP-235	BLHer	5.302722	-63.299556	-99.99	-99.99	LMC574.13.3900	-99.99	17.797	18.458	0.661	1.5977516	0.0000026	7000.70330	0.538	0.230	4.998	0.220	2.068	-99.99	-99.99	-99.99	-99.99	-99.99	-99.99	-99.99	-99.99	-99.99	-99.99	-99.99	-99.99	-99.99	-99.99	-99.99	-99.99	
OGLE-LMC-T2CEP-236	WVir	5.311961	-67.478306	-99.99	-99.99	LMC504.29.25643	-99.99	16.381	17.315	0.934	9.4472740	0.0001990	7001.42805	0.166	0.134	1.270	0.037	1.848	-99.99	-99.99	-99.99	-99.99	-99.99	-99.99	-99.99	-99.99	-99.99	-99.99	-99.99	-99.99	-99.99	-99.99	-99.99	-99.99	
OGLE-LMC-T2CEP-237	RVTau	5.329478	-68.897889	-99.99	LMC101.1.1004	LMC503.29.12149	-99.99	17.955	19.048	1.093	30.8406482	0.0060493	7013.27289	0.473	0.280	6.039	0.133	5.140	-99.99	-99.99	-99.99	-99.99	-99.99	-99.99	-99.99	-99.99	-99.99	-99.99	-99.99	-99.99	-99.99	-99.99	-99.99	-99.99	faint RV Tau star
OGLE-LMC-T2CEP-238	BLHer	5.332553	-65.153056	-99.99	-99.99	LMC506.28.858	-99.99	17.767	18.509	0.742	1.9046648	0.0000040	7001.86608	0.363	0.105	5.045	0.151	2.485	-99.99	-99.99	-99.99	-99.99	-99.99	-99.99	-99.99	-99.99	-99.99	-99.99	-99.99	-99.99	-99.99	-99.99	-99.99	-99.99	
OGLE-LMC-T2CEP-239	WVir	5.354667	-61.902306	-99.99	-99.99	LMC575.19.25	-99.99	15.516	16.225	0.709	15.7034239	0.0003872	7007.06952	0.907	0.314	5.940	0.096	3.525	-99.99	-99.99	-99.99	-99.99	-99.99	-99.99	-99.99	-99.99	-99.99	-99.99	-99.99	-99.99	-99.99	-99.99	-99.99	-99.99	
OGLE-LMC-T2CEP-240	RVTau	5.355942	-74.813528	-99.99	-99.99	LMC525.03.24	-99.99	15.505	16.653	1.148	21.8568056	0.0014571	7000.53680	0.857	0.068	5.717	0.034	3.570	-99.99	-99.99	-99.99	-99.99	-99.99	-99.99	-99.99	-99.99	-99.99	-99.99	-99.99	-99.99	-99.99	-99.99	-99.99	-99.99	
OGLE-LMC-T2CEP-241	BLHer	5.385522	-64.858472	-99.99	-99.99	LMC573.01.515	-99.99	17.309	18.051	0.742	2.3357218	0.0000049	7000.22271	0.424	0.198	5.617	0.087	3.868	-99.99	-99.99	-99.99	-99.99	-99.99	-99.99	-99.99	-99.99	-99.99	-99.99	-99.99	-99.99	-99.99	-99.99	-99.99	-99.99	
OGLE-LMC-T2CEP-242	BLHer	5.387058	-73.186806	-99.99	-99.99	LMC500.10.402	-99.99	17.986	18.748	0.762	1.5753078	0.0000028	7001.03773	0.390	0.093	5.063	0.196	2.038	-99.99	-99.99	-99.99	-99.99	-99.99	-99.99	-99.99	-99.99	-99.99	-99.99	-99.99	-99.99	-99.99	-99.99	-99.99	-99.99	
OGLE-LMC-T2CEP-243	BLHer	5.387586	-72.087667	-99.99	-99.99	LMC501.02.8154	-99.99	17.840	-99.99	-99.99	1.4524970	0.0000073	7001.05020	0.566	0.326	4.415	0.070	0.255	-99.99	-99.99	-99.99	-99.99	-99.99	-99.99	-99.99	-99.99	-99.99	-99.99	-99.99	-99.99	-99.99	-99.99	-99.99	-99.99	
OGLE-LMC-T2CEP-244	RVTau	5.387714	-75.500500	-99.99	-99.99	LMC640.11.2397	-99.99	14.473	15.474	1.001	39.9780760	0.0674300	7032.02404	0.589	0.219	5.433	0.052	5.634	-99.99	-99.99	-99.99	-99.99	-99.99	-99.99	-99.99	-99.99	-99.99	-99.99	-99.99	-99.99	-99.99	-99.99	-99.99	-99.99	
OGLE-LMC-T2CEP-245	WVir	5.387961	-67.267861	-99.99	-99.99	LMC505.01.14099	-99.99	16.159	17.064	0.905	10.1637513	0.0003616	7001.74451	0.177	0.108	1.409	0.026	1.861	-99.99	-99.99	-99.99	-99.99	-99.99	-99.99	-99.99	-99.99	-99.99	-99.99	-99.99	-99.99	-99.99	-99.99	-99.99	-99.99	
OGLE-LMC-T2CEP-246	WVir	5.411414	-67.321694	-99.99	-99.99	LMC518.25.13699	-99.99	16.658	17.531	0.873	6.2527841	0.0001267	7002.95294	0.089	0.092	6.090	0.000	-99.99	-99.99	-99.99	-99.99	-99.99	-99.99	-99.99	-99.99	-99.99	-99.99	-99.99	-99.99	-99.99	-99.99	-99.99	-99.99	-99.99	
OGLE-LMC-T2CEP-247	BLHer	5.416217	-76.618361	-99.99	-99.99	LMC639.19.168	-99.99	18.154	18.658	0.504	1.0532265	0.0000058	7000.04367	0.621	0.349	4.586	0.127	2.635	-99.99	-99.99	-99.99	-99.99	-99.99	-99.99	-99.99	-99.99	-99.99	-99.99	-99.99	-99.99	-99.99	-99.99	-99.99	-99.99	
OGLE-LMC-T2CEP-248	WVir	5.421142	-66.544806	-99.99	-99.99	LMC505.17.13795	-99.99	16.648	17.820	1.172	10.8629624	0.0003835	7007.83969	0.241	0.113	1.612	0.059	2.588	-99.99	-99.99	-99.99	-99.99	-99.99	-99.99	-99.99	-99.99	-99.99	-99.99	-99.99	-99.99	-99.99	-99.99	-99.99	-99.99	
OGLE-LMC-T2CEP-249	BLHer	5.427169	-72.656306	-99.99	-99.99	LMC500.26.269	-99.99	17.707	18.511	0.804	2.2253575	0.0000096	7002.16917	0.321	0.133	5.264	0.093	3.292	-99.99	-99.99	-99.99	-99.99	-99.99	-99.99	-99.99	-99.99	-99.99	-99.99	-99.99	-99.99	-99.99	-99.99	-99.99	-99.99	
OGLE-LMC-T2CEP-250	pWVir	5.429736	-66.303194	-99.99	-99.99	LMC519.15.21444	-99.99	14.573	15.297	0.724	15.9390694	0.0004751	7014.87051	0.250	0.192	5.719	0.050	5.350	-99.99	-99.99	-99.99	-99.99	-99.99	-99.99	-99.99	-99.99	-99.99	-99.99	-99.99	-99.99	-99.99	-99.99	-99.99	-99.99	type II Cepheid in an ellipsoidal binary system (P_orb = 198.31 d)
OGLE-LMC-T2CEP-251	RVTau	5.440900	-66.716306	-99.99	-99.99	LMC519.07.3480	HV2522	14.165	14.956	0.791	35.9645476	0.0094034	7020.87131	0.198	0.203	5.616	0.043	3.227	-99.99	-99.99	-99.99	-99.99	-99.99	-99.99	-99.99	-99.99	-99.99	-99.99	-99.99	-99.99	-99.99	-99.99	-99.99	-99.99	
OGLE-LMC-T2CEP-252	WVir	5.448094	-66.398917	-99.99	-99.99	LMC519.15.3620	-99.99	15.786	16.780	0.994	16.3551180	0.0004949	7011.95379	0.752	0.038	1.604	0.067	2.636	-99.99	-99.99	-99.99	-99.99	-99.99	-99.99	-99.99	-99.99	-99.99	-99.99	-99.99	-99.99	-99.99	-99.99	-99.99	-99.99	
OGLE-LMC-T2CEP-253	WVir	5.449578	-65.571028	-99.99	-99.99	LMC520.06.84	-99.99	16.131	17.060	0.929	11.3746413	0.0002083	7010.36594	0.746	0.220	5.947	0.080	2.300	-99.99	-99.99	-99.99	-99.99	-99.99	-99.99	-99.99	-99.99	-99.99	-99.99	-99.99	-99.99	-99.99	-99.99	-99.99	-99.99	
OGLE-LMC-T2CEP-254	WVir	5.471914	-65.621833	-99.99	-99.99	LMC519.31.7561	-99.99	16.036	16.949	0.913	10.9395630	0.0002729	7005.86328	0.223	0.122	1.879	0.035	2.661	-99.99	-99.99	-99.99	-99.99	-99.99	-99.99	-99.99	-99.99	-99.99	-99.99	-99.99	-99.99	-99.99	-99.99	-99.99	-99.99	
OGLE-LMC-T2CEP-255	BLHer	5.476772	-62.663361	-99.99	-99.99	LMC593.13.4840	-99.99	18.218	18.862	0.644	1.0701296	0.0000031	7000.31334	0.401	0.201	5.464	0.162	4.564	-99.99	-99.99	-99.99	-99.99	-99.99	-99.99	-99.99	-99.99	-99.99	-99.99	-99.99	-99.99	-99.99	-99.99	-99.99	-99.99	
OGLE-LMC-T2CEP-256	BLHer	5.504894	-76.167611	-99.99	-99.99	LMC644.15.2032	-99.99	17.834	18.481	0.647	1.6201093	0.0000268	7001.37583	0.502	0.212	4.971	0.176	1.236	-99.99	-99.99	-99.99	-99.99	-99.99	-99.99	-99.99	-99.99	-99.99	-99.99	-99.99	-99.99	-99.99	-99.99	-99.99	-99.99	
OGLE-LMC-T2CEP-257	WVir	5.532750	-74.039444	-99.99	-99.99	LMC526.06.5067	-99.99	16.491	17.394	0.903	8.5752762	0.0002486	7000.51555	0.170	0.171	0.874	0.061	1.368	-99.99	-99.99	-99.99	-99.99	-99.99	-99.99	-99.99	-99.99	-99.99	-99.99	-99.99	-99.99	-99.99	-99.99	-99.99	-99.99	
OGLE-LMC-T2CEP-258	RVTau	5.545506	-67.481000	-99.99	-99.99	LMC518.11.22266	-99.99	15.412	16.385	0.973	22.8780233	0.0010206	7020.98166	0.906	0.194	6.064	0.045	4.545	-99.99	-99.99	-99.99	-99.99	-99.99	-99.99	-99.99	-99.99	-99.99	-99.99	-99.99	-99.99	-99.99	-99.99	-99.99	-99.99	
OGLE-LMC-T2CEP-259	BLHer	5.548303	-72.839861	-99.99	-99.99	LMC514.05.8258	-99.99	17.804	18.507	0.703	1.8166589	0.0000024	7000.03730	0.458	0.153	5.380	0.132	2.639	-99.99	-99.99	-99.99	-99.99	-99.99	-99.99	-99.99	-99.99	-99.99	-99.99	-99.99	-99.99	-99.99	-99.99	-99.99	-99.99	
OGLE-LMC-T2CEP-260	BLHer	5.555219	-63.799028	-99.99	-99.99	LMC592.10.7443	-99.99	17.260	18.069	0.809	3.0864503	0.0000119	7000.39118	0.515	0.276	5.516	0.140	4.569	-99.99	-99.99	-99.99	-99.99	-99.99	-99.99	-99.99	-99.99	-99.99	-99.99	-99.99	-99.99	-99.99	-99.99	-99.99	-99.99	
OGLE-LMC-T2CEP-261	WVir	5.577544	-63.793806	-99.99	-99.99	LMC592.09.7048	-99.99	15.562	16.433	0.871	15.8884908	0.0003332	7014.36701	0.894	0.219	6.153	0.082	3.806	-99.99	-99.99	-99.99	-99.99	-99.99	-99.99	-99.99	-99.99	-99.99	-99.99	-99.99	-99.99	-99.99	-99.99	-99.99	-99.99	
OGLE-LMC-T2CEP-262	WVir	5.593464	-63.406167	-99.99	-99.99	LMC597.15.62	-99.99	15.818	16.669	0.851	16.0475985	0.0004069	7001.04245	0.739	0.058	1.717	0.079	2.499	-99.99	-99.99	-99.99	-99.99	-99.99	-99.99	-99.99	-99.99	-99.99	-99.99	-99.99	-99.99	-99.99	-99.99	-99.99	-99.99	
OGLE-LMC-T2CEP-263	WVir	5.621364	-65.106694	-99.99	-99.99	LMC556.32.7234	-99.99	15.786	16.735	0.949	13.0618608	0.0014076	7002.12203	0.254	0.080	1.345	0.111	1.820	-99.99	-99.99	-99.99	-99.99	-99.99	-99.99	-99.99	-99.99	-99.99	-99.99	-99.99	-99.99	-99.99	-99.99	-99.99	-99.99	amplitude and period changes
OGLE-LMC-T2CEP-264	BLHer	5.631331	-63.861806	-99.99	-99.99	LMC596.31.5493	-99.99	17.649	18.390	0.741	1.9701588	0.0000025	7001.96833	0.459	0.157	5.565	0.082	3.133	-99.99	-99.99	-99.99	-99.99	-99.99	-99.99	-99.99	-99.99	-99.99	-99.99	-99.99	-99.99	-99.99	-99.99	-99.99	-99.99	
OGLE-LMC-T2CEP-265	WVir	5.654564	-67.508889	-99.99	-99.99	LMC554.32.11637	-99.99	15.774	16.631	0.857	14.3884913	0.0001180	7013.50000	0.874	0.218	0.022	0.080	3.342	-99.99	-99.99	-99.99	-99.99	-99.99	-99.99	-99.99	-99.99	-99.99	-99.99	-99.99	-99.99	-99.99	-99.99	-99.99	-99.99	
OGLE-LMC-T2CEP-266	WVir	5.663172	-74.564722	-99.99	-99.99	LMC645.20.3503	-99.99	16.934	17.859	0.925	5.0413596	0.0003017	7000.21557	0.228	0.178	5.568	0.066	6.079	-99.99	-99.99	-99.99	-99.99	-99.99	-99.99	-99.99	-99.99	-99.99	-99.99	-99.99	-99.99	-99.99	-99.99	-99.99	-99.99	
OGLE-LMC-T2CEP-267	BLHer	5.664114	-67.474556	-99.99	-99.99	LMC554.32.13327	-99.99	18.349	18.701	0.352	1.0311085	0.0000018	7000.71215	0.453	0.353	4.627	0.135	2.087	-99.99	-99.99	-99.99	-99.99	-99.99	-99.99	-99.99	-99.99	-99.99	-99.99	-99.99	-99.99	-99.99	-99.99	-99.99	-99.99	
OGLE-LMC-T2CEP-268	BLHer	5.671411	-73.582250	-99.99	-99.99	LMC526.19.220	-99.99	17.764	18.381	0.617	1.4166769	0.0000080	7001.17253	0.248	0.126	4.567	0.000	-99.99	-99.99	-99.99	-99.99	-99.99	-99.99	-99.99	-99.99	-99.99	-99.99	-99.99	-99.99	-99.99	-99.99	-99.99	-99.99	-99.99	
OGLE-LMC-T2CEP-269	BLHer	5.687397	-72.729833	-99.99	-99.99	LMC514.01.6277	-99.99	17.870	18.570	0.700	1.4759514	0.0000021	7000.28459	0.481	0.233	4.849	0.109	0.636	-99.99	-99.99	-99.99	-99.99	-99.99	-99.99	-99.99	-99.99	-99.99	-99.99	-99.99	-99.99	-99.99	-99.99	-99.99	-99.99	
OGLE-LMC-T2CEP-270	WVir	5.692622	-66.219444	-99.99	-99.99	LMC556.04.88	-99.99	16.069	16.977	0.908	10.9802678	0.0004172	7009.87675	0.227	0.089	1.400	0.057	2.306	-99.99	-99.99	-99.99	-99.99	-99.99	-99.99	-99.99	-99.99	-99.99	-99.99	-99.99	-99.99	-99.99	-99.99	-99.99	-99.99	
OGLE-LMC-T2CEP-271	WVir	5.772372	-66.841972	-99.99	-99.99	LMC555.19.979D	-99.99	16.526	17.389	0.863	7.0290246	0.0004615	7001.03812	0.072	0.000	-99.99	0.000	-99.99	-99.99	-99.99	-99.99	-99.99	-99.99	-99.99	-99.99	-99.99	-99.99	-99.99	-99.99	-99.99	-99.99	-99.99	-99.99	-99.99	
OGLE-LMC-T2CEP-272	RVTau	5.800331	-65.969750	-99.99	-99.99	LMC563.25.7083	-99.99	14.458	15.139	0.681	36.1236179	0.0194172	7035.62909	0.118	0.133	4.584	0.030	1.635	-99.99	-99.99	-99.99	-99.99	-99.99	-99.99	-99.99	-99.99	-99.99	-99.99	-99.99	-99.99	-99.99	-99.99	-99.99	-99.99	
OGLE-LMC-T2CEP-273	BLHer	5.829497	-67.877417	-99.99	-99.99	LMC554.18.10685	-99.99	17.303	18.098	0.795	2.7553039	0.0000064	7001.93971	0.345	0.190	5.374	0.111	3.910	-99.99	-99.99	-99.99	-99.99	-99.99	-99.99	-99.99	-99.99	-99.99	-99.99	-99.99	-99.99	-99.99	-99.99	-99.99	-99.99	
OGLE-LMC-T2CEP-274	BLHer	5.834878	-66.160944	-99.99	-99.99	LMC563.23.518	-99.99	17.704	18.248	0.544	1.4380219	0.0000019	7000.80994	0.609	0.274	4.360	0.050	5.788	-99.99	-99.99	-99.99	-99.99	-99.99	-99.99	-99.99	-99.99	-99.99	-99.99	-99.99	-99.99	-99.99	-99.99	-99.99	-99.99	
OGLE-LMC-T2CEP-275	WVir	5.869994	-74.243056	-99.99	-99.99	LMC527.12.4015	-99.99	16.061	17.117	1.056	14.2228169	0.0007040	7004.86890	0.802	0.126	0.974	0.123	2.372	-99.99	-99.99	-99.99	-99.99	-99.99	-99.99	-99.99	-99.99	-99.99	-99.99	-99.99	-99.99	-99.99	-99.99	-99.99	-99.99	
OGLE-LMC-T2CEP-276	RVTau	5.890558	-66.980972	-99.99	-99.99	LMC562.30.8849	LMV727 HV2878	14.378	15.219	0.841	32.1289992	0.0062762	7010.46602	0.385	0.193	0.020	0.063	5.310	-99.99	-99.99	-99.99	-99.99	-99.99	-99.99	-99.99	-99.99	-99.99	-99.99	-99.99	-99.99	-99.99	-99.99	-99.99	-99.99	
OGLE-LMC-T2CEP-277	RVTau	5.908119	-63.923639	-99.99	-99.99	LMC600.09.5392	-99.99	14.798	15.707	0.909	30.3610752	0.0026640	7013.58537	0.761	0.173	6.105	0.062	5.025	-99.99	-99.99	-99.99	-99.99	-99.99	-99.99	-99.99	-99.99	-99.99	-99.99	-99.99	-99.99	-99.99	-99.99	-99.99	-99.99	
OGLE-LMC-T2CEP-278	RVTau	6.068186	-65.321417	-99.99	-99.99	LMC571.21.4575	-99.99	15.157	16.053	0.896	25.0268663	0.0026244	7002.53697	0.961	0.132	5.862	0.065	4.496	-99.99	-99.99	-99.99	-99.99	-99.99	-99.99	-99.99	-99.99	-99.99	-99.99	-99.99	-99.99	-99.99	-99.99	-99.99	-99.99	
OGLE-LMC-T2CEP-279	WVir	6.175186	-67.394556	-99.99	-99.99	LMC570.01.60	-99.99	15.645	16.607	0.962	16.7063052	0.0002596	7009.56419	0.857	0.016	0.605	0.073	2.856	-99.99	-99.99	-99.99	-99.99	-99.99	-99.99	-99.99	-99.99	-99.99	-99.99	-99.99	-99.99	-99.99	-99.99	-99.99	-99.99	
OGLE-LMC-T2CEP-280	pWVir	6.215089	-73.732222	-99.99	-99.99	LMC557.10.2720	-99.99	15.760	16.516	0.756	5.4122216	0.0000138	7002.18616	0.785	0.378	5.336	0.199	4.073	-99.99	-99.99	-99.99	-99.99	-99.99	-99.99	-99.99	-99.99	-99.99	-99.99	-99.99	-99.99	-99.99	-99.99	-99.99	-99.99	
OGLE-LMC-T2CEP-281	BLHer	6.237831	-74.061889	-99.99	-99.99	LMC557.01.2774	-99.99	18.163	18.797	0.634	1.0778137	0.0000013	7000.37798	0.656	0.314	4.742	0.127	2.834	-99.99	-99.99	-99.99	-99.99	-99.99	-99.99	-99.99	-99.99	-99.99	-99.99	-99.99	-99.99	-99.99	-99.99	-99.99	-99.99	
OGLE-LMC-T2CEP-282	pWVir	6.248683	-67.069167	-99.99	-99.99	LMC609.31.79	-99.99	16.461	17.089	0.628	6.3043037	0.0001498	7005.32001	0.238	0.154	4.514	0.067	3.446	-99.99	-99.99	-99.99	-99.99	-99.99	-99.99	-99.99	-99.99	-99.99	-99.99	-99.99	-99.99	-99.99	-99.99	-99.99	-99.99	
OGLE-LMC-T2CEP-283	WVir	6.282800	-71.515167	-99.99	-99.99	LMC566.21.5061	-99.99	16.263	17.204	0.941	9.5027695	0.0002312	7008.38040	0.243	0.131	1.314	0.043	1.472	-99.99	-99.99	-99.99	-99.99	-99.99	-99.99	-99.99	-99.99	-99.99	-99.99	-99.99	-99.99	-99.99	-99.99	-99.99	-99.99	
OGLE-LMC-T2CEP-284	WVir	6.292389	-66.272278	-99.99	-99.99	LMC608.11.4040	-99.99	15.366	16.192	0.826	15.2487700	0.0001930	7004.31616	0.915	0.325	6.017	0.091	3.612	-99.99	-99.99	-99.99	-99.99	-99.99	-99.99	-99.99	-99.99	-99.99	-99.99	-99.99	-99.99	-99.99	-99.99	-99.99	-99.99	
OGLE-LMC-T2CEP-285	BLHer	6.297142	-69.760889	-99.99	-99.99	LMC611.25.4004	-99.99	18.110	18.699	0.589	1.0508831	0.0000077	7000.51774	0.487	0.207	4.934	0.091	2.741	-99.99	-99.99	-99.99	-99.99	-99.99	-99.99	-99.99	-99.99	-99.99	-99.99	-99.99	-99.99	-99.99	-99.99	-99.99	-99.99	
OGLE-LMC-T2CEP-286	WVir	6.312847	-73.153611	-99.99	-99.99	LMC565.13.145	-99.99	16.592	17.504	0.912	6.2210883	0.0000956	7001.75764	0.169	0.169	6.257	0.042	0.140	-99.99	-99.99	-99.99	-99.99	-99.99	-99.99	-99.99	-99.99	-99.99	-99.99	-99.99	-99.99	-99.99	-99.99	-99.99	-99.99	
OGLE-LMC-T2CEP-287	BLHer	6.344997	-72.526722	-99.99	-99.99	LMC565.29.297	-99.99	18.089	18.701	0.612	1.3443273	0.0000039	7000.38164	0.409	0.177	5.304	0.130	0.334	-99.99	-99.99	-99.99	-99.99	-99.99	-99.99	-99.99	-99.99	-99.99	-99.99	-99.99	-99.99	-99.99	-99.99	-99.99	-99.99	
OGLE-LMC-T2CEP-288	BLHer	6.530661	-68.005444	-99.99	-99.99	LMC614.21.247	-99.99	18.052	18.500	0.448	1.0713660	0.0000021	7000.77229	0.622	0.321	4.716	0.095	2.696	-99.99	-99.99	-99.99	-99.99	-99.99	-99.99	-99.99	-99.99	-99.99	-99.99	-99.99	-99.99	-99.99	-99.99	-99.99	-99.99	
OGLE-LMC-T2CEP-289	BLHer	6.654331	-75.306889	-99.99	-99.99	LMC658.18.1545	-99.99	17.224	18.033	0.809	3.0134582	0.0000457	7000.95400	0.511	0.241	5.534	0.139	4.140	-99.99	-99.99	-99.99	-99.99	-99.99	-99.99	-99.99	-99.99	-99.99	-99.99	-99.99	-99.99	-99.99	-99.99	-99.99	-99.99	
OGLE-LMC-T2CEP-290	BLHer_1O	4.853225	-69.009167	-99.99	LMC135.5.19670	LMC531.22.15530	-99.99	17.869	18.520	0.651	0.9321202	0.0000020	7000.64764	0.238	0.264	4.016	0.110	1.559	-99.99	-99.99	-99.99	-99.99	-99.99	-99.99	-99.99	-99.99	-99.99	-99.99	-99.99	-99.99	-99.99	-99.99	-99.99	-99.99	first-overtone BL Her star (see Soszynski et al. 2019), reclassified OGLE-LMC-ACEP-005
OGLE-LMC-T2CEP-291	BLHer_1O	5.710792	-61.995639	-99.99	-99.99	LMC598.09.2192	-99.99	18.135	18.647	0.512	0.8175507	0.0000015	7000.26598	0.417	0.317	4.092	0.110	1.928	-99.99	-99.99	-99.99	-99.99	-99.99	-99.99	-99.99	-99.99	-99.99	-99.99	-99.99	-99.99	-99.99	-99.99	-99.99	-99.99	first-overtone BL Her star (see Soszynski et al. 2019), reclassified OGLE-LMC-RRLYR-35068
OGLE-LMC-T2CEP-292	BLHer	4.251156	-80.865167	-99.99	-99.99	MBR241.03.705	-99.99	16.075	16.753	0.678	1.8821663	0.0000161	7001.44046	0.671	0.355	4.902	0.220	2.462	-99.99	-99.99	-99.99	-99.99	-99.99	-99.99	-99.99	-99.99	-99.99	-99.99	-99.99	-99.99	-99.99	-99.99	-99.99	-99.99	Galactic type II Cepheid
OGLE-LMC-T2CEP-293	pWVir	6.558244	-65.993722	-99.99	-99.99	LMC751.23.3510	-99.99	15.013	15.846	0.833	5.6378773	0.0003605	7001.35281	0.146	0.197	5.085	0.000	-99.99	-99.99	-99.99	-99.99	-99.99	-99.99	-99.99	-99.99	-99.99	-99.99	-99.99	-99.99	-99.99	-99.99	-99.99	-99.99	-99.99	
OGLE-LMC-T2CEP-294	WVir	6.759208	-66.649583	-99.99	-99.99	LMC754.23.2516	SSS_J064533.1-663900	15.320	16.259	0.939	17.9878502	0.0063906	7011.89997	0.927	0.152	6.002	0.069	4.128	-99.99	-99.99	-99.99	-99.99	-99.99	-99.99	-99.99	-99.99	-99.99	-99.99	-99.99	-99.99	-99.99	-99.99	-99.99	-99.99	
OGLE-LMC-T2CEP-295	WVir	6.098239	-74.700278	-99.99	-99.99	LMC572.23.62	-99.99	16.402	17.328	0.926	7.6315082	0.0001660	7004.68330	0.138	0.151	0.444	0.047	0.211	-99.99	-99.99	-99.99	-99.99	-99.99	-99.99	-99.99	-99.99	-99.99	-99.99	-99.99	-99.99	-99.99	-99.99	-99.99	-99.99	
