# Date:     2024-01-15 15:55:51
# Database: ocvs
# Target:   lmc_hb
# Query:    TRUE 
# Objects:  439
# Columns:
# ID	Type	RA	DECL	ID_OGLE_II	ID_OGLE_III	ID_OGLE_IV	ID_OTHER	I	V	V_I	P	dP	T0	A	Ecc	Incl	Peri	Var	Model	S	C	Remarks
OGLE-LMC-HB-0001	RG	4.755433	-67.053972	-99.99	LMC145.1.4667	LMC540.27.63	-99.99	15.905	17.291	1.386	376.42000000	0.27000000	9231.2000	0.030	0.3140	54.10	132.30	-99.99	1	0.005390	0.001300	
OGLE-LMC-HB-0002	RG	4.773567	-72.799389	-99.99	-99.99	LMC528.21.4791	OGLE-LMC-ECL-26648	16.520	17.900	1.380	207.35000000	0.12000000	9015.7000	0.039	0.3140	79.70	24.30	-99.99	1	0.005180	0.002020	
OGLE-LMC-HB-0003	MS	4.784006	-68.917139	-99.99	LMC141.8.8773	LMC539.08.103	OGLE-LMC-ECL-26688	15.886	15.848	-0.038	4.18621800	0.00002900	9002.5750	0.030	0.1360	41.70	168.20	-99.99	1	0.014600	-0.004500	
OGLE-LMC-HB-0004	RG	4.787808	-68.973583	-99.99	LMC142.4.50	LMC539.08.27	-99.99	15.574	17.283	1.709	243.96500000	0.09400000	9112.6000	0.028	0.2910	30.70	173.40	ECL	0	0.010200	-0.006650	
OGLE-LMC-HB-0005	RG	4.788506	-70.079056	-99.99	LMC143.1.18	LMC530.31.2375	-99.99	14.225	15.753	1.528	494.52000000	0.27000000	9437.3000	0.037	0.3109	62.00	120.40	-99.99	1	0.005740	0.000500	
OGLE-LMC-HB-0006	RG	4.790075	-70.677528	-99.99	LMC144.1.7335	LMC530.14.7330	-99.99	15.853	17.360	1.507	202.32600000	0.06200000	9000.2000	0.029	0.1830	51.70	92.70	TEO	1	0.009760	-0.001670	
OGLE-LMC-HB-0007	RG	4.791044	-69.485611	-99.99	LMC142.1.21	LMC531.15.2912	-99.99	14.506	15.943	1.437	662.83000000	0.68000000	9164.7000	0.021	0.5190	70.00	14.40	-99.99	1	0.001210	0.000640	
OGLE-LMC-HB-0008	RG	4.796111	-69.290417	-99.99	LMC142.2.45	LMC531.24.4	-99.99	14.271	15.623	1.352	404.20000000	0.24000000	9264.7000	0.031	0.2120	50.50	2.60	-99.99	1	0.009630	-0.000400	
OGLE-LMC-HB-0009	RG	4.827550	-68.515389	-99.99	LMC141.3.13731	LMC532.06.25753	EROS2-star lm015-5k-26494	15.161	16.968	1.807	592.56000000	0.17000000	9482.8000	0.061	0.4466	59.90	79.20	-99.99	1	0.005520	-0.000710	
OGLE-LMC-HB-0010	RG	4.835717	-70.018000	-99.99	LMC136.8.64	LMC530.29.22963	-99.99	15.094	16.287	1.193	177.16100000	0.04500000	9062.8000	0.023	0.4070	36.65	65.80	-99.99	1	0.006010	-0.002800	
OGLE-LMC-HB-0011	RG	4.837900	-70.177583	-99.99	LMC137.5.11971	LMC530.29.16078	-99.99	15.591	17.200	1.609	438.74000000	0.34000000	9331.0000	0.025	0.2820	89.80	122.30	-99.99	1	0.003240	0.002000	
OGLE-LMC-HB-0012	RG	4.845908	-70.098139	-99.99	LMC136.8.11243	LMC530.29.19176	OGLE-LMC-ECL-01488	15.371	16.882	1.511	435.49000000	0.22000000	9405.3000	0.041	0.2960	54.80	18.80	ECL	0	0.008120	-0.000520	
OGLE-LMC-HB-0013	RG	4.846486	-70.275611	-99.99	LMC137.5.12067	LMC530.21.18945	OGLE-LMC-ECL-27014	15.999	17.499	1.500	324.53800000	0.07800000	9182.4000	0.048	0.4520	76.30	59.60	-99.99	1	0.003110	0.001010	
OGLE-LMC-HB-0014	RG	4.849042	-69.426722	-99.99	LMC135.8.17507	LMC531.13.10236	EROS2-star lm012-2m-3813	14.497	15.726	1.229	359.11000000	0.19000000	9253.1000	0.041	0.2600	39.03	161.70	-99.99	1	0.014160	-0.005850	
OGLE-LMC-HB-0015	RG	4.856022	-67.221167	-99.99	LMC139.4.7634	LMC533.06.19946	-99.99	15.238	16.618	1.380	311.75000000	0.15000000	9257.2000	0.028	0.1910	66.00	47.30	-99.99	1	0.006130	0.001530	
OGLE-LMC-HB-0016	RG	4.864228	-69.720583	-99.99	LMC136.6.15163	LMC531.04.31795	-99.99	15.207	16.232	1.025	128.69000000	0.03200000	9086.4000	0.023	0.2000	76.80	32.70	-99.99	1	0.004390	0.002610	
OGLE-LMC-HB-0017	MS	4.865533	-69.392889	-99.99	LMC135.7.7716	LMC531.12.36543	-99.99	16.258	16.170	-0.088	19.72612000	0.00031000	9004.1110	0.093	0.1760	17.31	9.40	-99.99	1	0.074100	-0.056800	
OGLE-LMC-HB-0018	RG	4.868228	-66.810000	-99.99	LMC138.3.7148	LMC533.23.11	-99.99	14.975	16.558	1.583	577.86000000	0.24000000	9165.2000	0.052	0.3787	53.10	173.40	-99.99	1	0.008060	0.000240	
OGLE-LMC-HB-0019	RG	4.870322	-69.550889	-99.99	-99.99	LMC531.12.24810	-99.99	15.487	17.067	1.580	547.52000000	0.73000000	9326.2000	0.022	0.4470	60.10	102.20	-99.99	1	0.002000	0.000820	
OGLE-LMC-HB-0020	RG	4.873300	-68.365139	-99.99	LMC134.5.22443	LMC532.13.4	OGLE-LMC-ECL-01908	12.874	14.222	1.348	415.37700000	0.03800000	9386.9100	0.263	0.0191	12.70	45.88	ECL	0	1.066300	-0.999900	
OGLE-LMC-HB-0021	RG	4.876208	-68.842667	-99.99	LMC134.8.26510	LMC531.29.6068	-99.99	15.204	16.891	1.687	402.65000000	0.34000000	9126.1000	0.021	0.1310	43.30	171.50	-99.99	1	0.009900	-0.002600	
OGLE-LMC-HB-0022	RG	4.890814	-66.566000	-99.99	-99.99	LMC533.22.9632	EROS2-star lm028-1n-24990	15.025	16.777	1.752	370.70000000	0.13000000	9249.8000	0.085	0.2967	54.20	100.20	-99.99	1	0.017300	-0.006500	
OGLE-LMC-HB-0023	RG	4.900642	-68.121028	-99.99	LMC133.7.17484	LMC532.12.15797	-99.99	16.226	17.718	1.492	237.91000000	0.12000000	9078.9000	0.026	0.1930	73.60	104.80	-99.99	1	0.005120	0.002520	
OGLE-LMC-HB-0024	RG	4.912181	-69.082444	-99.99	LMC135.4.4729	LMC531.20.13102	-99.99	15.598	17.149	1.551	222.29500000	0.06400000	9039.1000	0.035	0.2890	44.90	144.90	-99.99	1	0.008970	-0.001630	
OGLE-LMC-HB-0025	RG	4.912639	-66.353500	-99.99	-99.99	LMC533.29.14235	-99.99	14.430	16.162	1.732	578.54000000	0.61000000	9125.9000	0.057	0.3710	74.60	75.60	-99.99	1	0.005620	0.001920	
OGLE-LMC-HB-0026	RG	4.915436	-70.757389	-99.99	LMC130.5.9	LMC530.10.2672	-99.99	13.916	15.416	1.500	700.00000000	1.00000000	9470.9000	0.021	0.4070	45.50	17.30	-99.99	0	0.003270	-0.000750	
OGLE-LMC-HB-0027	MS	4.916164	-67.633889	-99.99	LMC132.8.13249	LMC532.28.22811	OGLE-LMC-ECL-27523	16.177	16.108	-0.069	6.45144500	0.00007200	9004.7560	0.028	0.3280	48.20	59.90	ECL	0	0.005930	-0.001030	
OGLE-LMC-HB-0028	RG	4.919147	-67.590833	-99.99	LMC132.2.3	LMC532.28.27326	-99.99	14.292	15.669	1.377	636.65000000	0.47000000	9517.1000	0.028	0.4940	56.50	3.00	-99.99	1	0.002330	0.000750	
OGLE-LMC-HB-0029	RG	4.925325	-72.588583	-99.99	-99.99	LMC507.16.33	EROS2-star lm067-4m-6381	14.872	16.631	1.759	433.04000000	0.31000000	9097.8000	0.072	0.2954	69.20	96.60	-99.99	1	0.010600	0.001800	
OGLE-LMC-HB-0030	MS	4.925339	-69.468194	-99.99	LMC135.1.25511	LMC531.10.36227	-99.99	16.516	16.656	0.140	395.06700000	0.05700000	9386.9000	0.097	0.4619	35.15	35.40	ECL	0	0.016260	-0.008700	
OGLE-LMC-HB-0031	RG	4.928961	-68.710972	-99.99	LMC134.2.33954	LMC531.27.57392	-99.99	15.641	17.281	1.640	496.03000000	0.19000000	9267.5000	0.045	0.3979	62.30	174.20	-99.99	1	0.005590	0.001730	
OGLE-LMC-HB-0032	MS	4.929953	-69.469167	-99.99	LMC135.1.30322	LMC531.10.36099	OGLE-LMC-ECL-03133	13.965	13.923	-0.042	31.08959500	0.00005700	9013.0210	0.248	0.7434	89.90	90.00	ECL	0	0.001565	-0.000250	
OGLE-LMC-HB-0033	RG	4.930608	-70.031972	-99.99	LMC128.8.19813	LMC530.26.25958	OGLE-LMC-ECL-03149	15.544	17.149	1.605	622.84000000	0.14000000	9177.8000	0.079	0.5506	88.50	70.50	ECL	1	0.002680	0.000200	
OGLE-LMC-HB-0034	RG	4.932394	-66.936778	-99.99	LMC131.2.50	LMC533.11.22828	OGLE-LMC-ECL-27647	15.050	16.604	1.554	537.06000000	0.30000000	9385.5000	0.033	0.4450	59.90	36.50	-99.99	1	0.002920	0.000750	
OGLE-LMC-HB-0035	RG	4.943517	-72.347167	-99.99	-99.99	LMC507.24.22	2MASS J04563665-7220498	15.512	17.030	1.518	242.59400000	0.07100000	9083.6000	0.090	0.2296	52.20	68.10	-99.99	1	0.024100	-0.002500	
OGLE-LMC-HB-0036	RG	4.945353	-69.571028	-99.99	LMC128.5.31659	LMC531.10.24	OGLE-LMC-ECL-03512	15.542	17.079	1.537	271.60600000	0.05500000	9080.9000	0.056	0.2181	51.00	72.10	OSARG	1	0.016480	-0.002440	
OGLE-LMC-HB-0037	RG	4.946867	-70.355528	-99.99	LMC129.6.18547	LMC530.18.8028	-99.99	15.462	16.939	1.477	392.56000000	0.31000000	9028.4000	0.026	0.4580	44.00	4.10	-99.99	1	0.003290	-0.000530	
OGLE-LMC-HB-0038	MS	4.949636	-66.389528	-99.99	-99.99	LMC533.28.4396	2MASS J04565868-6623224	15.375	15.368	-0.007	4.18476000	0.00014000	9000.0500	0.014	0.2880	34.80	13.00	ECL	0	0.004900	-0.001700	
OGLE-LMC-HB-0039	RG	4.950000	-69.332250	-99.99	LMC127.7.56	LMC531.09.50649	-99.99	14.914	16.301	1.387	356.35000000	0.28000000	9030.3000	0.021	0.2960	45.70	17.80	-99.99	1	0.005110	-0.000600	
OGLE-LMC-HB-0040	RG	4.951117	-70.961278	-99.99	LMC130.6.13839	LMC508.25.10629	-99.99	15.628	17.099	1.471	327.99000000	0.25000000	9087.6000	0.021	0.2470	67.00	133.90	-99.99	0	0.003780	0.001220	
OGLE-LMC-HB-0041	RG	4.951306	-72.280500	-99.99	-99.99	LMC507.24.10	-99.99	14.373	15.932	1.559	354.75000000	0.35000000	9277.8000	0.049	0.1640	65.00	35.60	-99.99	1	0.012300	0.004700	
OGLE-LMC-HB-0042	RG	4.952847	-70.973028	-99.99	LMC130.6.13841	LMC508.25.10623	-99.99	15.598	17.160	1.562	575.54000000	0.28000000	9472.2000	0.039	0.5020	56.20	59.40	-99.99	1	0.002780	-0.000400	
OGLE-LMC-HB-0043	MS	4.954742	-69.667056	-99.99	LMC128.5.5858	LMC531.01.45685	OGLE-LMC-ECL-03748	16.231	16.197	-0.034	8.54268000	0.00020000	9003.6400	0.022	0.4400	42.60	127.30	ECL	0	0.003390	-0.001630	
OGLE-LMC-HB-0044	RG	4.955106	-69.321278	-99.99	LMC127.7.8481	LMC531.09.50669	-99.99	15.056	16.631	1.575	694.34000000	0.37000000	9163.3000	0.033	0.5110	63.00	139.00	TEO	1	0.001950	-0.000060	
OGLE-LMC-HB-0045	MS	4.957247	-69.440639	-99.99	LMC127.8.34170	LMC531.09.42317	OGLE-LMC-ECL-03811	15.876	15.832	-0.044	4.78841100	0.00005400	9001.2240	0.022	0.2900	52.90	6.00	ECL	0	0.004870	-0.001310	
OGLE-LMC-HB-0046	MS	4.963744	-70.204306	-99.99	LMC129.5.19448	LMC509.16.3	-99.99	14.102	14.195	0.093	43.51870000	0.00150000	9028.8000	0.076	0.4210	19.00	77.80	-99.99	1	0.020310	-0.014360	
OGLE-LMC-HB-0047	RG	4.964442	-69.639444	-99.99	LMC128.5.12118	LMC509.25.22191	-99.99	15.817	17.340	1.523	322.17000000	0.13000000	9101.1000	0.032	0.1860	89.90	127.70	-99.99	1	0.005890	0.002520	
OGLE-LMC-HB-0048	RG	4.971789	-72.885194	-99.99	-99.99	LMC507.06.48	EROS2-star lm067-5l-26764	15.061	16.830	1.769	444.50000000	0.28000000	9043.6000	0.075	0.3103	60.40	13.10	-99.99	1	0.013190	0.002370	
OGLE-LMC-HB-0049	RG	4.975167	-70.748833	-99.99	LMC130.4.77	LMC508.32.133	-99.99	16.122	17.464	1.342	394.20000000	0.36000000	9128.8000	0.024	0.4400	58.30	28.80	-99.99	1	0.002290	0.000140	
OGLE-LMC-HB-0050	MS	4.983603	-69.162333	-99.99	LMC127.6.53509	LMC531.17.42250	OGLE-LMC-ECL-04417	17.114	17.735	0.621	12.88226000	0.00013000	9001.2840	0.111	0.2045	81.00	25.30	ECL	0	0.020990	0.001170	
OGLE-LMC-HB-0051	RG	4.995789	-69.805111	-99.99	LMC128.3.58	LMC509.24.113	-99.99	15.349	16.610	1.261	342.27300000	0.09000000	9221.0000	0.050	0.3072	55.00	4.80	-99.99	1	0.009990	0.000530	
OGLE-LMC-HB-0052	RG	4.995858	-68.354750	-99.99	LMC125.8.11290	LMC532.08.24428	-99.99	15.984	17.364	1.380	209.46000000	0.10000000	9061.3000	0.024	0.2830	31.00	158.70	-99.99	1	0.008900	-0.004870	
OGLE-LMC-HB-0053	RG	4.996289	-70.496694	-99.99	LMC129.2.26	LMC509.07.10	-99.99	14.374	15.986	1.612	615.11000000	0.37000000	9551.1000	0.039	0.4540	50.30	46.60	OSARG	1	0.004160	-0.000070	
OGLE-LMC-HB-0054	RG	4.997858	-69.238833	-99.99	LMC127.3.70	LMC531.17.98	-99.99	15.928	17.306	1.378	251.51000000	0.11000000	9114.8500	0.032	0.6880	27.90	84.30	-99.99	0	0.001790	-0.002440	
OGLE-LMC-HB-0055	RG	5.006244	-70.127250	-99.99	LMC128.1.5546	LMC509.15.281	[O96] D050NE-67	16.057	17.371	1.314	197.29600000	0.05100000	9175.2000	0.032	0.3030	31.60	155.80	-99.99	1	0.011160	-0.006490	
OGLE-LMC-HB-0056	RG	5.006311	-69.343028	-99.99	LMC127.2.112	LMC509.32.23387	-99.99	16.517	17.988	1.471	191.79000000	0.04400000	9097.6000	0.044	0.2370	59.70	133.70	-99.99	1	0.009410	0.000590	
OGLE-LMC-HB-0057	RG	5.010069	-68.893556	LMC_SC15_38588	LMC126.1.7	LMC510.15.58	OGLE BRIGHT-LMC-ECL-80	14.161	15.674	1.513	302.52100000	0.05300000	9184.4000	0.057	0.1530	66.10	128.60	-99.99	1	0.014130	0.003760	
OGLE-LMC-HB-0058	RG	5.011631	-67.963778	-99.99	LMC125.3.23519	LMC532.17.3991	-99.99	15.889	17.404	1.515	209.44800000	0.05000000	9029.1000	0.047	0.1527	76.90	107.60	-99.99	1	0.010110	0.004160	
OGLE-LMC-HB-0059	RG	5.014786	-68.744722	LMC_SC15_102777	LMC126.2.51	LMC510.15.41039	-99.99	15.399	16.821	1.422	419.66000000	0.21000000	9386.2000	0.025	0.4070	62.70	129.00	-99.99	1	0.002530	0.000290	
OGLE-LMC-HB-0060	RG	5.027922	-68.644639	LMC_SC15_164995	LMC126.3.8382	LMC510.23.129	-99.99	15.107	16.640	1.533	320.85000000	0.03800000	9136.7400	0.088	0.2758	56.19	152.80	-99.99	1	0.018000	0.002700	
OGLE-LMC-HB-0061	RG	5.028800	-70.077222	-99.99	LMC128.1.11830	LMC509.14.150	-99.99	15.324	16.933	1.609	327.86800000	0.09900000	9124.7000	0.044	0.2680	32.86	167.20	OSARG	1	0.017040	-0.009540	
OGLE-LMC-HB-0062	RG	5.029700	-67.487861	-99.99	LMC124.2.19471	LMC511.15.24099	-99.99	16.024	17.383	1.359	239.03000000	0.11000000	9059.4000	0.023	0.3050	50.90	141.10	-99.99	1	0.004780	-0.000390	
OGLE-LMC-HB-0063	RG	5.030608	-66.713750	-99.99	LMC123.4.52	LMC533.17.3575	-99.99	15.021	16.652	1.631	380.97000000	0.19000000	9285.9000	0.045	0.2471	61.00	93.80	-99.99	1	0.009530	0.002100	
OGLE-LMC-HB-0064	RG	5.039161	-69.656417	-99.99	LMC120.5.29	LMC509.23.25732	OGLE-LMC-ECL-05622	15.058	16.808	1.750	526.11000000	0.23000000	9019.3000	0.042	0.3658	77.00	79.50	ECL	1	0.004200	0.001710	
OGLE-LMC-HB-0065	RG	5.042533	-72.286889	-99.99	-99.99	LMC507.21.75	-99.99	15.754	17.244	1.490	255.37500000	0.06200000	9106.5000	0.093	0.2934	68.30	64.30	-99.99	1	0.013660	0.004110	
OGLE-LMC-HB-0066	RG	5.043794	-69.144889	LMC_SC14_24301	LMC127.3.72567	LMC510.06.51213	2MASS J05023766-6908416	14.992	16.737	1.745	532.15000000	0.26000000	9098.0000	0.038	0.1533	58.40	45.40	OSARG	1	0.010830	-0.001170	
OGLE-LMC-HB-0067	RG	5.047964	-67.472667	-99.99	LMC124.3.9903	LMC511.14.23530	-99.99	15.245	16.753	1.508	371.78000000	0.24000000	9269.4000	0.025	0.1620	64.00	60.50	-99.99	1	0.006400	0.001600	
OGLE-LMC-HB-0068	RG	5.048297	-69.948167	-99.99	LMC120.7.39	LMC509.13.28188	-99.99	15.546	17.143	1.597	315.48000000	0.21000000	9315.3000	0.018	0.1190	63.00	63.00	-99.99	1	0.005350	0.001780	
OGLE-LMC-HB-0069	RG	5.048744	-68.528500	-99.99	LMC126.3.58648	LMC510.23.36207	OGLE-LMC-ECL-05863	16.519	18.207	1.688	178.12300000	0.02200000	9157.6100	0.087	0.2443	68.70	111.00	-99.99	1	0.015310	0.005090	
OGLE-LMC-HB-0070	MS	5.051922	-70.677667	-99.99	LMC121.8.4297	LMC508.30.21	-99.99	14.278	14.336	0.058	27.82349000	0.00041000	9024.0100	0.089	0.4761	28.89	89.48	ECL	0	0.024960	-0.012400	
OGLE-LMC-HB-0071	MS	5.052875	-68.643389	LMC_SC14_61334	LMC118.6.1	LMC510.23.38	-99.99	14.648	14.486	-0.162	6.21482700	0.00005600	9002.3330	0.023	0.1630	33.80	7.80	-99.99	1	0.013000	-0.005900	
OGLE-LMC-HB-0072	MS	5.054894	-67.059222	-99.99	LMC123.1.16263	LMC511.31.66	OGLE-LMC-ECL-06035	15.379	15.193	-0.186	4.57968000	0.00004300	9002.6270	0.019	0.3650	40.50	19.00	ECL	0	0.003950	-0.001620	
OGLE-LMC-HB-0073	RG	5.057097	-71.945056	-99.99	-99.99	LMC507.29.99	-99.99	16.012	17.343	1.331	202.15000000	0.15000000	9118.9000	0.027	0.2220	60.00	37.30	-99.99	1	0.006200	0.002100	
OGLE-LMC-HB-0074	RG	5.061508	-69.351278	-99.99	LMC119.7.12547	LMC509.30.34591	OGLE-LMC-ECL-06208	15.852	17.254	1.402	694.80000000	0.39000000	9631.8000	0.027	0.6330	65.00	87.90	ECL	1	0.000690	0.000300	
OGLE-LMC-HB-0075	RG	5.064878	-70.669722	-99.99	LMC121.8.9065	LMC508.29.20212	OGLE-LMC-ECL-06300	15.265	16.896	1.631	474.31300000	0.07500000	9119.3400	0.121	0.4174	72.10	111.90	OSARG	1	0.009710	0.002840	
OGLE-LMC-HB-0076	RG	5.073089	-70.372750	-99.99	LMC121.6.20906	LMC509.04.28801	-99.99	14.697	16.000	1.303	376.77000000	0.27000000	9253.3000	0.021	0.4330	65.40	130.90	-99.99	1	0.001740	0.000230	
OGLE-LMC-HB-0077	RG	5.078281	-65.231417	-99.99	-99.99	LMC513.14.80	OGLE-LMC-ECL-29144	15.864	17.111	1.247	312.87000000	0.80000000	9307.7000	0.013	0.2970	49.00	19.00	ECL	0	0.003020	-0.000830	
OGLE-LMC-HB-0078	RG	5.079308	-69.252361	LMC_SC14_216143	LMC119.7.79191	LMC510.05.21	EROS2-star lm010-0l-7392	13.838	15.356	1.518	661.15000000	0.50000000	9477.7000	0.018	0.3900	61.50	123.40	-99.99	1	0.002050	0.000600	
OGLE-LMC-HB-0079	RG	5.079681	-70.299778	-99.99	LMC121.6.49805	LMC509.04.29161	-99.99	15.807	17.183	1.376	251.42700000	0.05200000	9028.9000	0.045	0.3740	70.50	119.10	-99.99	1	0.004600	0.001330	
OGLE-LMC-HB-0080	RG	5.080622	-72.025972	-99.99	-99.99	LMC507.28.4	-99.99	13.871	15.260	1.389	811.80000000	1.10000000	9491.7000	0.052	0.4730	74.30	94.80	OSARG/ECL	0	0.003140	0.000410	
OGLE-LMC-HB-0081	RG	5.080736	-71.868111	-99.99	-99.99	LMC507.28.9270	-99.99	15.872	17.367	1.495	682.60000000	1.20000000	9010.1000	0.044	0.5330	89.50	123.10	-99.99	1	0.001700	0.000670	
OGLE-LMC-HB-0082	RG	5.084850	-70.257528	-99.99	LMC121.5.22054	LMC509.04.28977	-99.99	15.086	16.584	1.498	449.24000000	0.41000000	9047.9000	0.024	0.2040	70.60	24.10	OSARG	1	0.005000	0.002600	
OGLE-LMC-HB-0083	RG	5.085867	-68.810028	LMC_SC13_30515	LMC118.7.21722	LMC510.12.55826	2MASS J05050911-6848361	14.370	15.572	1.202	205.45300000	0.02100000	9072.3000	0.065	0.1750	62.40	60.00	-99.99	1	0.015990	0.002280	
OGLE-LMC-HB-0084	MS	5.102011	-68.099917	-99.99	LMC117.7.57839	LMC510.29.35110	-99.99	14.546	14.635	0.089	61.12130000	0.00520000	9003.5700	0.044	0.4370	19.60	1.00	-99.99	1	0.007800	-0.007100	
OGLE-LMC-HB-0085	RG	5.102678	-67.201250	-99.99	LMC116.5.12988	LMC511.21.19128	-99.99	15.514	16.767	1.253	227.61800000	0.06400000	9110.5000	0.035	0.2240	58.50	77.80	-99.99	1	0.008260	0.000590	
OGLE-LMC-HB-0086	RG	5.102761	-68.531333	LMC_SC13_121909	LMC118.6.66983	LMC510.21.50887	-99.99	15.630	17.145	1.515	318.22000000	0.15000000	9213.3000	0.024	0.1520	72.00	37.90	-99.99	1	0.005500	0.002240	
OGLE-LMC-HB-0087	RG	5.103025	-69.842722	LMC_SC12_66110	LMC120.2.38013	LMC509.20.110	EROS2-star lm010-4m-15619	15.141	16.897	1.756	394.19000000	0.10000000	9092.2000	0.045	0.1800	46.50	15.50	-99.99	1	0.016510	-0.001510	
OGLE-LMC-HB-0088	RG	5.104478	-71.087972	-99.99	LMC122.2.73	LMC508.20.53	-99.99	15.107	16.622	1.515	278.18800000	0.09300000	9064.7000	0.033	0.2460	52.30	65.00	-99.99	1	0.008280	-0.001330	
OGLE-LMC-HB-0089	RG	5.104689	-71.249083	-99.99	LMC122.1.59	LMC508.11.12166	OGLE-LMC-ECL-07389	15.722	17.176	1.454	300.31300000	0.06300000	9238.7000	0.060	0.2830	68.80	121.20	-99.99	1	0.009180	0.001450	
OGLE-LMC-HB-0090	RG	5.104825	-69.659333	LMC_SC12_127079	LMC120.4.128	LMC509.20.33397	-99.99	15.815	17.273	1.458	241.91900000	0.06300000	9024.4000	0.028	0.1217	66.00	121.50	-99.99	1	0.007600	0.003110	
OGLE-LMC-HB-0091	RG	5.108931	-71.022861	-99.99	LMC122.2.87	LMC508.20.91	-99.99	15.436	16.853	1.417	302.97000000	0.26000000	9213.5000	0.020	0.1900	62.00	4.70	-99.99	1	0.005150	0.002670	
OGLE-LMC-HB-0092	RG	5.109308	-69.955722	LMC_SC12_114069	LMC120.2.8553	LMC509.11.29072	-99.99	15.571	17.153	1.582	478.94000000	0.14000000	9284.6000	0.040	0.4120	68.10	91.90	-99.99	1	0.003730	0.000530	
OGLE-LMC-HB-0093	MS	5.110364	-70.563444	-99.99	LMC121.2.7780	LMC508.28.22525	-99.99	14.131	14.253	0.122	19.88353000	0.00066000	9010.5600	0.035	0.3490	13.60	112.00	-99.99	1	0.011700	-0.010000	
OGLE-LMC-HB-0094	RG	5.111472	-69.101139	LMC_SC13_142608	LMC119.3.55461	LMC510.04.57410	-99.99	14.828	16.265	1.437	238.30700000	0.04900000	9009.5000	0.041	0.2467	51.60	36.10	-99.99	1	0.010150	-0.001140	
OGLE-LMC-HB-0095	RG	5.112764	-68.569167	LMC_SC13_183882	LMC118.3.47258	-99.99	-99.99	15.863	17.610	1.747	289.61200000	0.10000000	9253.2000	0.058	0.2937	70.30	169.00	-99.99	1	0.009600	0.003160	
OGLE-LMC-HB-0096	RG	5.116108	-68.306833	LMC_SC13_270397	LMC117.1.43	LMC510.28.163	2MASS J05065800-6818245	15.319	17.003	1.684	376.97300000	0.07100000	9143.5000	0.066	0.1904	88.70	124.90	OSARG	1	0.011960	0.003530	
OGLE-LMC-HB-0097	RG	5.116400	-68.053639	-99.99	LMC117.3.16	LMC511.04.75	-99.99	15.343	16.845	1.502	323.39000000	0.16000000	9099.8000	0.021	0.2020	63.00	105.50	-99.99	0	0.004790	0.001290	
OGLE-LMC-HB-0098	RG	5.122983	-71.720389	-99.99	-99.99	LMC508.02.106	-99.99	15.985	17.459	1.474	382.91000000	0.57000000	9005.9000	0.026	0.4010	50.70	152.80	-99.99	1	0.003630	0.000300	
OGLE-LMC-HB-0099	RG	5.123803	-71.364722	-99.99	-99.99	LMC508.10.59	-99.99	15.008	16.402	1.394	408.90000000	1.00000000	9188.0000	0.016	0.1670	41.90	154.00	-99.99	1	0.006900	-0.002300	
OGLE-LMC-HB-0100	RG	5.127228	-68.122389	-99.99	LMC117.2.38630	LMC510.28.36446	OGLE-LMC-ECL-29660	15.137	16.726	1.589	667.55000000	0.55000000	9555.6000	0.034	0.4620	49.10	116.90	ECL	0	0.003800	-0.001420	
OGLE-LMC-HB-0101	RG	5.128517	-71.541083	-99.99	-99.99	LMC508.02.11427	EROS2-star lm055-7m-6696	15.019	16.562	1.543	371.68000000	0.29000000	9091.3000	0.072	0.3400	67.70	34.30	TEO	1	0.009300	0.002040	
OGLE-LMC-HB-0102	RG	5.130206	-69.058694	LMC_SC11_49414	LMC119.4.27179	LMC510.03.54301	-99.99	16.140	17.517	1.377	215.26100000	0.06400000	9003.7000	0.024	0.1940	67.80	162.60	-99.99	1	0.005570	0.001920	
OGLE-LMC-HB-0103	RG	5.132561	-67.030972	-99.99	LMC115.2.50	LMC511.28.88	-99.99	15.386	16.954	1.568	633.27000000	0.47000000	9437.5000	0.028	0.5110	47.80	166.20	-99.99	1	0.002380	-0.000520	
OGLE-LMC-HB-0104	RG	5.133781	-68.250944	-99.99	LMC117.1.45895	LMC510.28.226	-99.99	15.917	17.385	1.468	222.03200000	0.03300000	9201.7600	0.064	0.2845	47.37	27.40	ECL	1	0.015830	-0.003200	
OGLE-LMC-HB-0105	RG	5.135000	-69.534583	-99.99	LMC119.1.24260	LMC509.27.403	OGLE-LMC-ECL-29749	16.086	17.481	1.395	414.42000000	0.39000000	9286.6000	0.018	0.2950	57.10	109.90	-99.99	1	0.003280	0.000430	
OGLE-LMC-HB-0106	RG	5.135142	-70.017278	-99.99	-99.99	LMC509.10.31276	-99.99	13.257	14.794	1.537	1264.70000000	3.30000000	9673.6000	0.033	0.4900	51.60	149.40	-99.99	1	0.002760	-0.000670	
OGLE-LMC-HB-0107	MS	5.135300	-71.180722	-99.99	LMC122.1.13841	LMC508.10.13632	OGLE-LMC-ECL-29752	15.019	14.876	-0.143	8.20402000	0.00019000	9004.1600	0.015	0.5020	31.70	121.00	ECL	0	0.002370	-0.001600	
OGLE-LMC-HB-0108	RG	5.137753	-69.241861	LMC_SC11_118732	LMC119.3.27676	LMC510.03.218	-99.99	15.673	16.991	1.318	220.29500000	0.07400000	9031.6000	0.020	0.1830	67.00	35.90	-99.99	1	0.004530	0.001460	
OGLE-LMC-HB-0109	RG	5.138275	-68.661944	-99.99	LMC118.2.83425	LMC510.20.63	EROS2-star lm018-4l-25595	14.168	15.584	1.416	477.32000000	0.97000000	9468.8000	0.014	0.3980	19.10	19.00	TEO	1	0.003100	-0.003300	
OGLE-LMC-HB-0110	MS	5.138497	-70.627778	-99.99	LMC121.1.44397	LMC508.27.25058	OGLE-LMC-ECL-08260	16.807	17.088	0.281	7.49809000	0.00011000	9006.0440	0.031	0.3270	45.70	179.30	ECL	0	0.007010	-0.002690	
OGLE-LMC-HB-0111	RG	5.146186	-69.340972	LMC_SC11_200748	LMC119.2.38010	LMC509.27.46503	OGLE-LMC-ECL-08446	15.538	17.329	1.791	468.96000000	0.31000000	9054.6000	0.024	0.1220	70.00	44.20	ECL	0	0.006160	0.001930	
OGLE-LMC-HB-0112	RG	5.156033	-68.490000	-99.99	LMC118.4.28145	LMC510.19.47355	OGLE-LMC-ECL-08689	13.602	14.867	1.265	424.15000000	0.10000000	9075.2000	0.066	0.2603	82.50	166.20	ECL	1	0.011010	0.005010	
OGLE-LMC-HB-0113	RG	5.162514	-68.564111	-99.99	LMC110.6.34695	LMC510.19.686	-99.99	16.013	17.373	1.360	250.95300000	0.06600000	9015.1000	0.037	0.3160	58.90	29.70	-99.99	1	0.006180	0.001460	
OGLE-LMC-HB-0114	MS	5.163592	-68.879667	LMC_SC11_331601	LMC110.8.43400	LMC510.10.378	-99.99	14.910	15.067	0.157	56.32957000	0.00098000	9026.0600	0.135	0.2672	20.86	36.20	ECL	0	0.065500	-0.043800	
OGLE-LMC-HB-0115	RG	5.164839	-69.576778	LMC_SC11_268670	LMC112.5.48492	LMC509.26.89	-99.99	15.278	16.941	1.663	448.82000000	0.11000000	9352.9000	0.048	0.2999	58.50	25.10	OSARG	1	0.008570	0.001480	
OGLE-LMC-HB-0116	RG	5.169203	-69.005528	LMC_SC10_45024	LMC111.5.53575	-99.99	-99.99	16.175	17.786	1.611	323.30000000	0.20000000	9322.9000	0.026	0.1070	51.10	167.50	-99.99	1	0.010500	0.000400	
OGLE-LMC-HB-0117	RG	5.174061	-70.410944	-99.99	LMC113.6.17204	LMC509.01.292	-99.99	15.661	17.080	1.419	645.46000000	0.25000000	9137.8000	0.043	0.5890	61.00	116.40	-99.99	1	0.001550	-0.000080	
OGLE-LMC-HB-0118	RG	5.174139	-69.077667	LMC_SC10_40305	LMC111.5.11102	LMC510.01.56739	MACHO 79.4898.21	13.929	15.091	1.162	303.85400000	0.05900000	9173.8000	0.049	0.1216	59.10	57.00	-99.99	1	0.014970	0.001230	
OGLE-LMC-HB-0119	RG	5.174600	-67.236889	-99.99	LMC108.5.22	LMC511.19.18240	-99.99	14.410	15.909	1.499	856.73000000	0.89000000	9309.6000	0.024	0.5190	58.90	52.10	-99.99	1	0.001460	-0.000510	
OGLE-LMC-HB-0120	RG	5.177047	-69.053639	LMC_SC10_114314	LMC111.5.11109	LMC510.01.56670	2MASS J05103732-6903127	13.176	14.801	1.625	647.43000000	0.22000000	9269.5000	0.058	0.1474	89.20	115.50	-99.99	1	0.012050	0.005700	
OGLE-LMC-HB-0121	RG	5.179689	-69.864167	-99.99	LMC112.7.62159	LMC509.18.331	-99.99	16.127	17.605	1.478	257.81900000	0.08300000	9002.0000	0.030	0.3860	76.00	103.70	-99.99	1	0.002770	0.001180	
OGLE-LMC-HB-0122	MS	5.179881	-70.179611	-99.99	LMC113.5.57837	LMC509.09.96	UCAC2 1555512	14.799	15.025	0.226	259.47800000	0.02600000	9145.8200	0.097	0.4055	65.20	56.80	-99.99	1	0.009170	0.000660	
OGLE-LMC-HB-0123	RG	5.180250	-67.920694	-99.99	LMC109.6.24766	LMC511.01.24673	OGLE-LMC-ECL-09305	15.506	17.054	1.548	233.58900000	0.02600000	9016.9000	0.082	0.3551	89.90	57.70	ECL	0	0.007960	0.001180	
OGLE-LMC-HB-0124	RG	5.183600	-69.240278	LMC_SC10_100669	LMC111.6.19813	LMC510.01.615	-99.99	15.601	17.022	1.421	282.86000000	0.10000000	9166.7000	0.025	0.1910	69.00	47.50	-99.99	1	0.005390	0.001420	
OGLE-LMC-HB-0125	RG	5.187681	-69.469389	LMC_SC10_81884	LMC111.8.52586	LMC503.16.63783	-99.99	14.604	16.291	1.687	487.57000000	0.24000000	9315.6000	0.028	0.1110	89.50	45.50	-99.99	1	0.006480	0.003500	
OGLE-LMC-HB-0126	RG	5.190392	-68.696417	LMC_SC10_212785	LMC110.7.60646	LMC510.09.55343	-99.99	15.900	17.242	1.342	172.53900000	0.02900000	9104.3000	0.035	0.2137	54.50	34.80	-99.99	1	0.009060	0.000410	
OGLE-LMC-HB-0127	RG	5.192553	-71.552722	-99.99	-99.99	LMC501.25.4944	OGLE-LMC-ECL-30351	16.240	17.574	1.334	187.90500000	0.07900000	9075.8000	0.054	0.2950	77.90	78.20	-99.99	1	0.007080	0.002700	
OGLE-LMC-HB-0128	RG	5.192989	-69.066139	LMC_SC10_185850	LMC111.5.22540	LMC503.25.86843	-99.99	13.552	15.296	1.744	924.73000000	0.32000000	9875.7000	0.060	0.4752	53.20	139.90	OSARG	1	0.005320	-0.001090	
OGLE-LMC-HB-0129	RG	5.193739	-68.812833	LMC_SC10_203846	LMC110.8.64824	LMC510.09.54673	-99.99	15.410	17.139	1.729	447.83000000	0.27000000	9187.7000	0.028	0.1870	87.90	131.70	-99.99	1	0.005180	0.002040	
OGLE-LMC-HB-0130	RG	5.197281	-71.521000	-99.99	-99.99	LMC501.25.8028	OGLE-LMC-ECL-30428	15.542	17.219	1.677	431.59000000	0.59000000	9181.2000	0.033	0.1730	65.00	117.80	-99.99	1	0.007800	0.003200	
OGLE-LMC-HB-0131	RG	5.200036	-69.143944	-99.99	LMC111.6.76127	LMC503.25.75602	-99.99	14.416	16.363	1.947	643.54000000	0.44000000	9303.5000	0.038	0.2839	55.10	17.60	OSARG	1	0.008010	0.000340	
OGLE-LMC-HB-0132	RG	5.200631	-67.249111	-99.99	LMC108.5.16768	LMC511.18.17457	-99.99	16.239	17.791	1.552	259.49000000	0.11000000	9045.0000	0.029	0.2180	72.60	18.80	-99.99	1	0.005730	0.002450	
OGLE-LMC-HB-0133	RG	5.203542	-69.579694	LMC_SC10_217475	LMC112.5.87740	LMC503.16.30	-99.99	15.354	16.981	1.627	304.57500000	0.05700000	9073.9000	0.045	0.1233	49.60	130.10	OSARG	1	0.017600	-0.001150	
OGLE-LMC-HB-0134	RG	5.203983	-69.531778	LMC_SC10_221385	LMC111.8.27803	LMC503.16.158	-99.99	15.884	17.337	1.453	221.54000000	0.06800000	9059.8000	0.024	0.1760	56.80	20.50	-99.99	1	0.006940	0.000840	
OGLE-LMC-HB-0135	RG	5.205097	-69.284528	LMC_SC10_240320	LMC111.7.70555	LMC503.25.51	2MASS J05121835-6917042	15.242	17.266	2.024	439.41700000	0.04400000	9358.0000	0.120	0.1303	61.80	155.40	OSARG/ECL	1	0.035380	0.010120	
OGLE-LMC-HB-0136	RG	5.207317	-68.768750	LMC_SC10_283196	LMC110.7.32072	LMC510.08.56268	-99.99	15.296	16.753	1.457	565.75000000	0.26000000	9435.2000	0.033	0.3460	73.90	40.70	-99.99	1	0.003710	0.000990	
OGLE-LMC-HB-0137	RG	5.208189	-69.369083	LMC_SC10_235359	LMC111.7.32270	LMC503.16.25822	-99.99	15.817	17.396	1.579	237.04500000	0.03400000	9152.9000	0.057	0.2515	42.52	151.10	-99.99	1	0.018330	-0.005220	
OGLE-LMC-HB-0138	RG	5.212692	-70.953306	-99.99	LMC114.3.123	LMC502.07.27387	-99.99	15.681	17.086	1.405	221.02000000	0.09700000	9185.8000	0.022	0.2630	45.40	32.00	-99.99	1	0.006270	-0.001500	
OGLE-LMC-HB-0139	RG	5.213164	-72.321278	-99.99	-99.99	LMC501.07.24	-99.99	15.379	16.970	1.591	536.84000000	0.52000000	9069.7000	0.046	0.4230	88.30	172.00	-99.99	1	0.004140	0.001010	
OGLE-LMC-HB-0140	RG	5.214322	-69.173056	LMC_SC9_52007	LMC111.3.253	LMC503.25.12732	-99.99	16.526	17.623	1.097	136.39400000	0.03100000	9018.8000	0.028	0.2110	52.10	15.40	-99.99	1	0.008000	-0.000120	
OGLE-LMC-HB-0141	RG	5.215558	-68.416778	-99.99	LMC110.4.24543	LMC510.17.45853	-99.99	15.068	16.814	1.746	469.12000000	0.14000000	9086.6000	0.070	0.2899	55.40	41.50	OSARG	1	0.013530	-0.000560	
OGLE-LMC-HB-0142	RG	5.216536	-70.712528	-99.99	LMC113.1.37	LMC502.15.27830	-99.99	16.016	17.461	1.445	276.30300000	0.06600000	9101.9000	0.050	0.2127	58.50	175.00	-99.99	1	0.013110	0.001130	
OGLE-LMC-HB-0143	RG	5.218478	-69.649028	-99.99	LMC112.4.123	LMC503.07.79142	OGLE-LMC-ECL-10158	16.341	18.035	1.694	225.08500000	0.03900000	9019.9000	0.058	0.3056	67.60	71.20	-99.99	1	0.008210	0.002340	
OGLE-LMC-HB-0144	RG	5.223497	-70.938306	-99.99	LMC114.3.158	LMC502.07.8773	-99.99	16.043	17.495	1.452	363.17000000	0.30000000	9318.4000	0.033	0.3700	81.80	135.20	-99.99	1	0.003140	0.000590	
OGLE-LMC-HB-0145	RG	5.225606	-68.696750	-99.99	LMC110.2.36230	LMC503.32.69604	-99.99	15.520	17.219	1.699	495.51000000	0.17000000	9380.1000	0.056	0.2870	75.00	40.50	-99.99	1	0.008030	0.003540	
OGLE-LMC-HB-0146	RG	5.225833	-68.938806	LMC_SC9_171994	LMC110.1.312	LMC503.32.40864	-99.99	16.584	18.079	1.495	180.04800000	0.02900000	9107.1000	0.036	0.2810	41.10	178.70	-99.99	1	0.010870	-0.003190	
OGLE-LMC-HB-0147	RG	5.228469	-68.951722	LMC_SC9_166100	LMC110.1.10688	LMC503.32.40832	-99.99	16.688	17.981	1.293	204.86200000	0.07100000	9028.0000	0.023	0.1380	51.80	179.80	ECL	0	0.008400	-0.000100	
OGLE-LMC-HB-0148	RG	5.228975	-71.658250	-99.99	-99.99	LMC501.24.2342	OGLE-LMC-ECL-30750	16.636	17.928	1.292	186.24500000	0.09800000	9014.5000	0.038	0.2800	54.50	56.90	-99.99	1	0.007900	-0.000500	
OGLE-LMC-HB-0149	RG	5.229894	-69.513750	LMC_SC9_109459	LMC111.1.9860	LMC503.15.12706	-99.99	15.592	17.145	1.553	306.27000000	0.11000000	9269.3000	0.029	0.1022	48.30	60.20	-99.99	1	0.012700	-0.002100	
OGLE-LMC-HB-0150	RG	5.231361	-69.790833	-99.99	LMC112.3.12737	LMC503.07.10072	EROS2-star lm009-4m-6298	15.913	17.172	1.259	180.00900000	0.02100000	9074.7700	0.059	0.2925	77.70	158.20	-99.99	1	0.008640	0.006060	
OGLE-LMC-HB-0151	RG	5.234681	-69.112278	LMC_SC9_250295	LMC111.3.61154	LMC503.24.28329	2MASS J05140485-6906441	14.940	16.638	1.698	368.29200000	0.04400000	9028.3600	0.148	0.2746	72.30	69.38	TEO	1	0.021840	0.008520	
OGLE-LMC-HB-0152	RG	5.244733	-70.278833	-99.99	LMC113.3.55987	LMC502.23.47959	2MASS J05144103-7016437	13.635	15.435	1.800	593.20000000	0.52000000	9492.1000	0.044	0.1517	54.50	147.60	TEO	1	0.014100	0.001700	
OGLE-LMC-HB-0153	RG	5.245056	-71.203389	-99.99	LMC114.1.10850	LMC501.31.24834	EROS2-star lm056-5m-9582	14.707	16.264	1.557	360.10000000	0.35000000	9259.2000	0.029	0.2420	32.70	123.40	-99.99	1	0.014900	-0.008300	
OGLE-LMC-HB-0154	MS	5.245644	-69.125944	-99.99	LMC111.3.73023	LMC503.23.91397	OGLE-LMC-ECL-10834	16.723	17.068	0.345	11.07484400	0.00003900	9002.3960	0.191	0.1229	89.90	68.70	ECL	0	0.041670	0.009370	
OGLE-LMC-HB-0155	RG	5.247197	-68.982778	LMC_SC9_372309	LMC111.4.66666	-99.99	-99.99	15.566	17.149	1.583	322.17000000	0.11000000	9059.3000	0.060	0.2609	64.30	149.70	-99.99	1	0.011140	0.001590	
OGLE-LMC-HB-0156	RG	5.247331	-68.755139	-99.99	LMC110.2.18888	LMC503.31.66290	-99.99	16.013	17.495	1.482	249.35500000	0.06000000	9160.4000	0.045	0.2863	62.10	24.90	-99.99	1	0.007960	0.001640	
OGLE-LMC-HB-0157	MS	5.247394	-69.085722	-99.99	LMC111.4.22579	LMC503.23.91256	OGLE-LMC-ECL-10876	15.840	15.786	-0.054	6.45023000	0.00007400	9003.0070	0.025	0.2760	52.30	160.10	ECL	0	0.005700	-0.000870	
OGLE-LMC-HB-0158	RG	5.247694	-69.589528	LMC_SC9_291832	LMC112.4.85258	LMC503.14.69459	-99.99	15.812	17.310	1.498	394.99700000	0.08700000	9046.9000	0.050	0.3663	81.10	36.30	-99.99	1	0.005000	0.002750	
OGLE-LMC-HB-0159	RG	5.251303	-69.511194	LMC_SC8_21352	LMC111.1.21424	LMC503.14.83048	-99.99	14.476	15.839	1.363	268.32900000	0.09000000	9244.8000	0.021	0.1238	65.00	58.80	-99.99	0	0.005670	0.001660	
OGLE-LMC-HB-0160	RG	5.251642	-69.352167	-99.99	LMC111.2.22931	LMC503.14.114582	OGLE-LMC-ECL-10992	16.265	17.651	1.386	255.70500000	0.06200000	9044.0000	0.047	0.3050	86.80	60.30	ECL	0	0.005600	0.001870	
OGLE-LMC-HB-0161	RG	5.259194	-69.056167	LMC_SC8_70594	LMC111.4.35042	LMC503.23.47687	-99.99	16.215	17.633	1.418	232.85200000	0.08200000	9222.1000	0.021	0.1400	63.00	38.80	-99.99	1	0.005790	0.002700	
OGLE-LMC-HB-0162	RG	5.266181	-69.325083	-99.99	LMC100.7.71417	LMC503.14.53789	OGLE-LMC-ECL-11356	15.543	16.679	1.136	295.19000000	0.22000000	9140.8000	0.014	0.2660	58.30	174.60	ECL	0	0.003030	0.000180	
OGLE-LMC-HB-0163	RG	5.270378	-69.718000	LMC_SC8_95352	LMC103.6.53292	LMC503.06.25387	OGLE-LMC-ECL-11458	15.435	17.128	1.693	425.97000000	0.15000000	9410.8000	0.032	0.2440	65.60	52.10	-99.99	1	0.005860	0.001370	
OGLE-LMC-HB-0164	MS	5.271661	-67.229306	-99.99	-99.99	LMC505.06.12632	OGLE-LMC-ECL-31109	15.543	15.386	-0.157	4.72010000	0.00015000	9002.5600	0.014	0.3500	40.00	150.00	ECL	0	0.003200	-0.001080	
OGLE-LMC-HB-0165	RG	5.272861	-69.043611	LMC_SC8_254091	LMC100.5.99	LMC503.23.47709	-99.99	15.748	17.313	1.565	514.41000000	0.20000000	9298.0000	0.036	0.4370	63.30	161.90	-99.99	1	0.003430	0.001130	
OGLE-LMC-HB-0166	RG	5.273675	-67.883833	-99.99	LMC102.5.50	LMC504.23.18072	OGLE-LMC-ECL-11523	15.931	17.402	1.471	482.86000000	0.23000000	9287.8000	0.030	0.5130	65.70	65.60	-99.99	1	0.001590	0.000130	
OGLE-LMC-HB-0167	MS	5.273725	-69.482000	LMC_SC8_211874	LMC100.8.138	LMC503.13.85800	[BE74] 232	15.065	15.312	0.247	242.67000000	0.05900000	9056.6000	0.038	0.1520	21.32	22.30	OSARG/ECL	0	0.032300	-0.024700	
OGLE-LMC-HB-0168	RG	5.274097	-67.648639	-99.99	-99.99	LMC504.31.3862	MACHO 16.5887.21	15.371	17.110	1.739	495.61000000	0.42000000	9216.1000	0.046	0.3780	89.00	102.90	OSARG	1	0.004060	0.002190	
OGLE-LMC-HB-0169	RG	5.274631	-69.523833	LMC_SC8_205189	LMC100.8.322	LMC503.13.85866	MACHO 78.5859.195	15.916	17.361	1.445	237.80800000	0.05300000	9095.7000	0.029	0.2690	49.00	178.10	-99.99	1	0.007640	-0.001000	
OGLE-LMC-HB-0170	RG	5.274631	-68.991083	LMC_SC8_259609	LMC100.5.64296	-99.99	-99.99	15.644	17.288	1.644	413.19000000	0.33000000	9189.3000	0.035	0.2990	67.90	64.70	-99.99	1	0.005160	0.001820	
OGLE-LMC-HB-0171	RG	5.277161	-69.510972	LMC_SC8_205089	LMC100.8.17735	LMC503.13.85711	-99.99	14.203	15.642	1.439	468.38000000	0.19000000	9173.1000	0.025	0.4120	83.20	85.30	-99.99	1	0.001910	0.000600	
OGLE-LMC-HB-0172	RG	5.280833	-69.179833	LMC_SC8_242661	LMC100.6.16855	LMC503.22.72076	2MASS J05165101-6910473	15.205	16.900	1.695	421.70100000	0.08000000	9329.1000	0.049	0.2682	61.40	104.00	OSARG	1	0.009250	0.000880	
OGLE-LMC-HB-0173	RG	5.281367	-69.014000	LMC_SC8_259589	LMC100.5.79446	LMC503.22.103041	MACHO 79.5867.522	15.945	17.496	1.551	277.49000000	0.06100000	9052.7000	0.039	0.1061	50.40	30.20	-99.99	1	0.015600	-0.002100	
OGLE-LMC-HB-0174	RG	5.283594	-69.963250	-99.99	LMC103.7.10016	LMC502.30.61076	-99.99	16.193	17.712	1.519	328.43000000	0.21000000	9312.3000	0.023	0.2550	64.90	113.20	-99.99	1	0.004240	0.001530	
OGLE-LMC-HB-0175	RG	5.286636	-68.171611	-99.99	LMC102.7.90	LMC504.13.33130	-99.99	15.425	17.105	1.680	546.06000000	0.34000000	9252.7000	0.025	0.3880	69.40	0.30	-99.99	1	0.003070	0.002080	
OGLE-LMC-HB-0176	RG	5.287600	-69.433861	LMC_SC8_312333	LMC100.8.91732	LMC503.13.36147	MACHO 78.5981.185	16.183	17.390	1.207	207.50700000	0.06200000	9106.6000	0.025	0.1370	88.80	124.50	-99.99	1	0.005480	0.002700	
OGLE-LMC-HB-0177	RG	5.287894	-70.626222	-99.99	LMC104.8.33810	LMC502.13.11936	-99.99	15.344	17.033	1.689	613.02000000	0.24000000	9121.4000	0.053	0.3860	76.30	60.80	-99.99	1	0.004770	0.001120	
OGLE-LMC-HB-0178	RG	5.288494	-70.556694	-99.99	LMC104.7.15777	LMC502.13.18496	-99.99	15.765	17.267	1.502	313.41000000	0.15000000	9177.1000	0.024	0.3250	55.50	135.00	-99.99	1	0.004100	0.000060	
OGLE-LMC-HB-0179	RG	5.288561	-70.619028	-99.99	LMC104.8.40822	LMC502.13.11938	EROS2-star lm057-0k-24951	15.126	16.635	1.509	469.90000000	0.30000000	9036.8000	0.030	0.3330	65.50	63.20	-99.99	1	0.004000	0.000870	
OGLE-LMC-HB-0180	RG	5.290172	-67.030278	-99.99	-99.99	LMC505.13.156	OGLE-LMC-ECL-31330	16.338	17.613	1.275	247.08000000	0.14000000	9109.1000	0.045	0.4320	72.20	52.40	ECL	0	0.003460	0.001270	
OGLE-LMC-HB-0181	RG	5.291711	-69.517667	LMC_SC7_47323	LMC100.8.36044	LMC503.13.17215	-99.99	15.381	17.128	1.747	462.72000000	0.21000000	9242.2000	0.033	0.1327	55.90	43.30	OSARG	1	0.010660	0.001070	
OGLE-LMC-HB-0182	RG	5.293911	-69.813444	LMC_SC7_6479	LMC103.6.24693	LMC503.05.11227	-99.99	15.467	17.036	1.569	297.17900000	0.04400000	9037.2000	0.054	0.3188	68.90	145.50	-99.99	1	0.007450	0.002700	
OGLE-LMC-HB-0183	RG	5.294403	-69.182667	LMC_SC7_86345	LMC100.6.34065	LMC503.22.14206	-99.99	15.517	17.151	1.634	392.50000000	0.22000000	9384.9000	0.018	0.1650	58.50	176.60	-99.99	1	0.005520	0.001020	
OGLE-LMC-HB-0184	RG	5.295378	-70.507250	-99.99	LMC104.7.46890	LMC502.22.41	-99.99	15.694	17.294	1.600	381.13000000	0.23000000	9017.2000	0.030	0.2410	62.40	164.90	-99.99	1	0.006500	0.002930	
OGLE-LMC-HB-0185	MS	5.295783	-69.627667	LMC_SC7_30350	LMC103.5.30548	-99.99	OGLE-LMC-ECL-12035	16.482	16.925	0.443	31.19359000	0.00026000	9004.5840	0.185	0.5672	64.50	73.60	ECL	0	0.007070	-0.000590	
OGLE-LMC-HB-0186	MS	5.295853	-69.721306	-99.99	LMC103.6.78707	LMC503.05.26668	-99.99	14.136	14.044	-0.092	12.64554000	0.00025000	9008.8270	0.018	0.4820	35.30	131.30	-99.99	1	0.003020	-0.001570	
OGLE-LMC-HB-0187	RG	5.296203	-69.485889	LMC_SC7_47362	LMC100.8.36081	LMC503.13.17252	OGLE-LMC-ECL-12055	15.233	16.897	1.664	458.97600000	0.06700000	9235.8000	0.059	0.3264	56.50	100.70	OSARG	1	0.010140	0.000500	
OGLE-LMC-HB-0188	RG	5.302825	-70.353306	-99.99	LMC104.6.49474	LMC502.21.43786	-99.99	15.538	17.213	1.675	392.97500000	0.08400000	9295.4000	0.057	0.3166	59.10	25.90	-99.99	1	0.009430	0.002430	
OGLE-LMC-HB-0189	RG	5.304075	-70.630944	-99.99	LMC104.8.48049	LMC502.12.36222	-99.99	16.133	17.600	1.467	276.30000000	0.11000000	9221.2000	0.030	0.2720	58.20	114.60	-99.99	1	0.005860	0.000190	
OGLE-LMC-HB-0190	RG	5.304339	-70.121306	-99.99	LMC103.8.15850	LMC502.29.50438	-99.99	15.871	17.357	1.486	269.91600000	0.05400000	9072.0000	0.057	0.2999	89.10	141.50	ECL	1	0.007320	0.003080	
OGLE-LMC-HB-0191	RG	5.305206	-69.130889	-99.99	LMC100.6.119403	LMC503.21.89773	-99.99	15.566	17.320	1.754	462.61000000	0.28000000	9094.4000	0.028	0.1760	67.80	67.30	-99.99	1	0.006330	0.001740	
OGLE-LMC-HB-0192	RG	5.305294	-70.295167	-99.99	LMC104.6.57561	LMC502.21.51427	-99.99	15.768	17.222	1.454	795.53000000	0.83000000	9549.9000	0.024	0.5590	68.00	72.50	-99.99	1	0.000950	0.000630	
OGLE-LMC-HB-0193	RG	5.309575	-69.759167	LMC_SC7_126920	LMC103.6.93463	LMC503.04.92343	-99.99	15.609	16.960	1.351	279.61600000	0.04600000	9116.6000	0.045	0.2272	63.10	16.00	-99.99	1	0.009920	0.003170	
OGLE-LMC-HB-0194	MS	5.311028	-69.543222	-99.99	LMC100.8.54192	LMC503.12.73694	OGLE-LMC-ECL-12444	15.515	15.412	-0.103	11.95267000	0.00020000	9005.8800	0.025	0.5110	31.70	5.00	ECL	0	0.002820	-0.001330	
OGLE-LMC-HB-0195	RG	5.313614	-69.638694	LMC_SC7_262916	LMC103.5.47365	LMC503.04.109567	-99.99	15.664	17.466	1.802	530.79000000	0.23000000	9130.3000	0.036	0.3339	63.80	177.70	-99.99	1	0.005830	0.002400	
OGLE-LMC-HB-0196	RG	5.314192	-70.045056	-99.99	LMC103.8.58342	LMC502.29.60649	-99.99	15.995	17.468	1.473	420.02000000	0.50000000	9161.9000	0.015	0.2070	60.00	44.10	-99.99	1	0.003500	0.001040	
OGLE-LMC-HB-0197	RG	5.314458	-69.497528	LMC_SC7_286794	LMC100.8.54592	LMC503.12.89757	-99.99	16.511	18.023	1.512	232.87400000	0.06700000	9023.0000	0.034	0.1810	59.00	46.20	-99.99	1	0.008730	0.000710	
OGLE-LMC-HB-0198	RG	5.315517	-69.438250	LMC_SC7_295270	LMC100.8.129527	LMC503.12.108171	-99.99	15.881	17.598	1.717	313.26000000	0.13000000	9182.2000	0.027	0.1870	81.70	62.20	-99.99	1	0.005070	0.001570	
OGLE-LMC-HB-0199	RG	5.317692	-69.654611	LMC_SC7_262889	LMC103.5.47406	LMC503.04.49614	-99.99	15.426	17.174	1.748	397.70700000	0.05200000	9057.5000	0.098	0.3219	89.60	88.70	OSARG	1	0.011120	0.004600	
OGLE-LMC-HB-0200	RG	5.317911	-69.318167	LMC_SC7_311552	LMC100.2.71081	LMC503.12.57540	2MASS J05190448-6919053	15.001	16.580	1.579	439.93000000	0.14000000	9049.4000	0.045	0.2270	60.50	123.10	-99.99	1	0.009790	0.001260	
OGLE-LMC-HB-0201	RG	5.320567	-69.854778	LMC_SC7_239705	LMC103.2.50765	LMC503.04.13750	-99.99	15.028	15.887	0.859	98.56960000	0.00730000	9046.3700	0.034	0.2899	66.70	150.40	-99.99	1	0.005530	0.001730	
OGLE-LMC-HB-0202	RG	5.320756	-69.876944	-99.99	LMC103.2.50842	LMC503.04.192	-99.99	15.683	17.139	1.456	279.81000000	0.07200000	9052.6000	0.042	0.3076	63.40	146.90	ECL	1	0.006480	0.000520	
OGLE-LMC-HB-0203	RG	5.322150	-69.665639	LMC_SC7_262876	LMC103.4.131	LMC503.04.49587	-99.99	15.663	17.329	1.666	583.24000000	0.17000000	9055.7000	0.051	0.4926	57.50	139.40	-99.99	1	0.003700	0.000650	
OGLE-LMC-HB-0204	RG	5.323994	-70.320000	-99.99	LMC104.3.37420	LMC502.21.14472	-99.99	16.505	17.815	1.310	165.76500000	0.04900000	9159.4000	0.031	0.3010	88.80	71.60	-99.99	1	0.003790	0.000970	
OGLE-LMC-HB-0205	RG	5.324267	-69.243306	LMC_SC7_318622	LMC100.3.59	LMC503.21.86	2MASS J05192735-6914358	15.570	17.089	1.519	327.31300000	0.03000000	9200.8300	0.106	0.3002	60.54	163.43	-99.99	0	0.018950	0.002530	
OGLE-LMC-HB-0206	RG	5.327150	-70.023611	-99.99	LMC103.1.38344	LMC502.29.19234	-99.99	15.476	17.022	1.546	437.99000000	0.46000000	9079.7000	0.017	0.3820	45.60	11.00	-99.99	1	0.002940	-0.000480	
OGLE-LMC-HB-0207	MS	5.327311	-69.651306	LMC_SC7_380073	LMC103.4.182	LMC503.04.49620	-99.99	15.920	15.813	-0.107	6.70987600	0.00003100	9002.6830	0.037	0.3800	57.40	41.80	TEO	1	0.004740	0.000550	
OGLE-LMC-HB-0208	RG	5.328472	-68.263222	-99.99	LMC102.1.67	LMC504.12.5752	OGLE-LMC-ECL-31802	15.691	17.291	1.600	792.11000000	0.39000000	9629.7000	0.042	0.5650	63.10	57.80	TEO	1	0.001700	0.000580	
OGLE-LMC-HB-0209	RG	5.334208	-69.382306	LMC_SC6_93671	LMC100.2.18944	LMC503.11.107564	EROS2-star lm001-0l-26945	15.219	16.785	1.566	349.88400000	0.06000000	9231.1000	0.048	0.2642	59.50	109.20	TEO	1	0.009430	-0.000250	
OGLE-LMC-HB-0210	RG	5.337053	-69.381444	LMC_SC6_93672	LMC100.2.18964	LMC503.11.107565	-99.99	15.266	16.730	1.464	454.63100000	0.04700000	9117.2000	0.074	0.4211	69.50	165.90	-99.99	1	0.007100	0.000770	
OGLE-LMC-HB-0211	RG	5.337392	-70.680222	LMC_SC21_12034	LMC104.1.6265	LMC502.11.36170	-99.99	16.134	17.718	1.584	365.42000000	0.12000000	9154.8000	0.030	0.3420	63.80	59.20	-99.99	1	0.003930	0.000090	
OGLE-LMC-HB-0212	RG	5.343353	-70.012889	LMC_SC6_5613	LMC103.1.48680	LMC502.28.64396	MACHO 78.6457.22	14.477	15.847	1.370	319.01100000	0.09900000	9253.4000	0.033	0.1852	70.80	48.60	-99.99	1	0.006860	0.002720	
OGLE-LMC-HB-0213	RG	5.344650	-70.828556	LMC_SC21_57061	LMC105.4.6030	LMC502.11.24933	-99.99	16.227	17.510	1.283	207.73600000	0.03900000	9001.9000	0.041	0.3030	59.60	148.70	-99.99	1	0.007020	0.000740	
OGLE-LMC-HB-0214	RG	5.345067	-69.950639	LMC_SC6_135678	LMC103.2.12596	LMC502.28.76914	-99.99	14.609	15.366	0.757	168.41300000	0.02200000	9116.0600	0.026	0.4170	41.10	85.40	-99.99	1	0.006010	-0.001810	
OGLE-LMC-HB-0215	RG	5.345478	-69.358278	LMC_SC6_214266	LMC100.2.19021	LMC503.11.125728	-99.99	15.444	16.719	1.275	256.65100000	0.04400000	9216.8000	0.021	0.4860	51.90	98.10	-99.99	1	0.002050	0.000460	
OGLE-LMC-HB-0216	RG	5.346617	-69.200361	LMC_SC6_236324	LMC100.3.32386	LMC503.20.14015	-99.99	15.738	17.310	1.572	443.99000000	0.10000000	9008.0000	0.049	0.4102	81.30	114.70	-99.99	1	0.003730	0.000550	
OGLE-LMC-HB-0217	RG	5.347094	-69.370083	LMC_SC6_214258	LMC100.2.38010	LMC503.11.56578	2MASS J05204953-6922122	15.215	16.888	1.673	591.75000000	0.34000000	9086.7000	0.032	0.1842	65.80	32.50	-99.99	1	0.007510	0.002020	
OGLE-LMC-HB-0218	RG	5.349447	-70.371528	LMC_SC21_78340	LMC104.3.17708	LMC502.20.15011	-99.99	15.962	17.454	1.492	318.50000000	0.11000000	9067.5000	0.030	0.1990	53.40	2.70	-99.99	1	0.008900	0.000010	
OGLE-LMC-HB-0219	RG	5.351128	-70.647167	LMC_SC21_63938	LMC104.1.39277	LMC502.11.11969	-99.99	15.495	17.227	1.732	615.76000000	0.16000000	9031.5000	0.048	0.4115	53.20	123.60	OSARG	1	0.005870	-0.000130	
OGLE-LMC-HB-0220	RG	5.355094	-69.260722	LMC_SC6_229549	LMC100.2.106729	LMC503.20.64	EROS2-star lm001-0n-8183	15.214	16.880	1.666	312.88100000	0.02600000	9123.1300	0.115	0.2887	60.95	46.71	OSARG	0	0.019660	0.001740	
OGLE-LMC-HB-0221	RG	5.355933	-69.729028	LMC_SC6_280450	LMC103.3.95230	LMC503.03.29568	OGLE-LMC-LPV-44996	15.165	17.019	1.854	471.69000000	0.16000000	9297.2000	0.042	0.1695	61.70	150.70	TEO	1	0.011020	0.002890	
OGLE-LMC-HB-0222	RG	5.358669	-69.365111	LMC_SC6_330210	LMC100.2.38075	LMC503.11.56661	-99.99	15.813	17.990	2.177	301.41300000	0.07800000	9284.9000	0.034	0.2650	46.40	119.50	-99.99	1	0.009620	-0.002720	
OGLE-LMC-HB-0223	RG	5.360267	-69.625444	LMC_SC6_287490	LMC103.4.33118	-99.99	-99.99	15.110	16.710	1.600	437.51000000	0.27000000	9090.3000	0.055	0.1639	88.60	116.50	TEO	1	0.010840	0.006480	
OGLE-LMC-HB-0224	RG	5.364864	-69.515500	LMC_SC6_304939	LMC100.1.57473	LMC503.10.80490	-99.99	14.751	15.633	0.882	107.17710000	0.00370000	9083.5800	0.077	0.3067	53.30	37.30	-99.99	1	0.014790	0.000120	
OGLE-LMC-HB-0225	MS	5.366689	-69.586194	-99.99	LMC103.4.118944	LMC503.10.64959	-99.99	15.801	15.976	0.175	13.73925000	0.00023000	9005.0900	0.039	0.2210	38.30	2.90	-99.99	1	0.015730	-0.005240	
OGLE-LMC-HB-0226	RG	5.370306	-69.850083	LMC_SC6_384087	LMC103.2.91876	LMC503.02.78433	-99.99	14.452	15.711	1.259	668.85000000	0.52000000	9282.4000	0.022	0.4250	61.50	54.70	-99.99	1	0.002100	0.000250	
OGLE-LMC-HB-0227	RG	5.370372	-69.058333	-99.99	LMC100.4.44640	LMC503.19.86426	-99.99	15.177	16.987	1.810	615.84000000	0.28000000	9214.2000	0.051	0.4049	63.20	146.10	-99.99	1	0.005220	0.000920	
OGLE-LMC-HB-0228	RG	5.381408	-70.187000	-99.99	LMC163.5.60903	LMC502.27.32	-99.99	15.380	16.912	1.532	708.63000000	0.69000000	9436.5000	0.024	0.4080	49.00	129.90	-99.99	1	0.003310	-0.000510	
OGLE-LMC-HB-0229	RG	5.381992	-70.646250	-99.99	LMC163.8.32225	LMC502.10.12414	-99.99	15.362	16.951	1.589	459.92000000	0.19000000	9001.6000	0.038	0.3650	88.70	134.90	-99.99	1	0.003660	0.001950	
OGLE-LMC-HB-0230	MS	5.383819	-67.974250	-99.99	LMC159.6.45	LMC504.19.3921	OGLE-LMC-ECL-14264	14.623	14.492	-0.131	15.10097000	0.00040000	9001.8000	0.018	0.6620	29.00	7.00	ECL	0	0.000640	-0.001350	
OGLE-LMC-HB-0231	RG	5.384997	-69.280417	LMC_SC5_106186	LMC161.7.72857	LMC503.19.43	-99.99	15.180	16.831	1.651	1033.82000000	0.26000000	9888.0000	0.066	0.5746	60.60	31.90	TEO	1	0.002760	0.001870	
OGLE-LMC-HB-0232	RG	5.385522	-70.574083	-99.99	LMC163.7.122	LMC502.10.19733	OGLE-LMC-ECL-14311	16.699	17.942	1.243	111.72390000	0.00730000	9098.4200	0.076	0.2023	65.00	67.00	-99.99	1	0.016460	0.003650	
OGLE-LMC-HB-0233	RG	5.387689	-69.385444	-99.99	LMC161.7.16279	LMC503.10.34220	MACHO 78.6950.1337	15.414	16.909	1.495	462.86000000	0.34000000	9225.9000	0.022	0.2930	45.50	88.50	-99.99	1	0.006770	-0.001480	
OGLE-LMC-HB-0234	RG	5.388094	-67.607306	-99.99	-99.99	LMC504.26.18487	-99.99	15.058	16.571	1.513	300.50000000	0.18000000	9217.2000	0.041	0.3330	65.20	177.70	-99.99	1	0.006540	0.002050	
OGLE-LMC-HB-0235	RG	5.388742	-70.560556	-99.99	LMC163.7.9297	LMC502.10.19667	OGLE-LMC-ECL-14399	15.730	17.422	1.692	337.51400000	0.09400000	9170.7000	0.054	0.2177	60.20	106.50	OSARG	1	0.012220	-0.000340	
OGLE-LMC-HB-0236	RG	5.391536	-69.391889	LMC_SC5_208457	LMC161.7.16296	LMC503.09.85338	2MASS J05232951-6923309	14.954	16.683	1.729	460.33400000	0.05400000	9218.8600	0.083	0.3062	80.80	161.60	TEO	1	0.011530	0.003220	
OGLE-LMC-HB-0237	RG	5.396572	-69.896778	-99.99	LMC162.7.89086	LMC503.01.67401	2MASS J05234767-6953484	14.889	16.743	1.854	448.93000000	0.15000000	9132.5000	0.063	0.2555	55.00	96.00	OSARG	1	0.014900	0.000930	
OGLE-LMC-HB-0238	MS	5.400525	-69.822389	-99.99	LMC162.6.39761	LMC503.01.81108	-99.99	13.402	13.260	-0.142	7.46787700	0.00006100	9000.7340	0.046	0.1274	43.20	4.00	-99.99	0	0.022100	-0.007400	
OGLE-LMC-HB-0239	RG	5.400531	-69.231139	LMC_SC5_338248	LMC161.6.26578	LMC503.18.50064	-99.99	15.481	17.054	1.573	603.75000000	0.28000000	9480.2000	0.033	0.3730	70.40	112.20	OSARG	1	0.003340	0.001250	
OGLE-LMC-HB-0240	RG	5.408042	-70.999583	-99.99	LMC164.6.12098	LMC502.01.31370	OGLE-LMC-ECL-14853	15.031	16.538	1.507	556.02000000	0.25000000	9410.8000	0.038	0.4460	78.70	85.80	-99.99	1	0.002590	0.000360	
OGLE-LMC-HB-0241	RG	5.409114	-70.155861	-99.99	LMC163.5.91390	LMC502.26.308	-99.99	16.629	17.956	1.327	249.13000000	0.10000000	9055.7000	0.029	0.3510	88.50	113.20	-99.99	1	0.002900	0.000910	
OGLE-LMC-HB-0242	RG	5.409900	-69.864000	-99.99	LMC162.7.108710	LMC503.01.85	OGLE-LMC-ECL-14896	15.111	16.532	1.421	384.91000000	0.21000000	9225.7000	0.025	0.1270	49.50	159.30	ECL	0	0.009800	-0.001400	
OGLE-LMC-HB-0243	RG	5.410256	-70.554194	-99.99	LMC163.7.19168	LMC502.09.20629	OGLE-LMC-ECL-14911	15.824	17.351	1.527	245.04600000	0.03200000	9184.1100	0.081	0.2295	72.30	44.50	-99.99	1	0.014390	0.002330	
OGLE-LMC-HB-0244	RG	5.410628	-70.007972	LMC_SC5_356767	LMC162.8.90400	LMC502.26.23301	-99.99	13.868	15.340	1.472	410.26300000	0.07400000	9112.7000	0.057	0.1235	53.00	59.20	OSARG	1	0.020510	-0.000980	
OGLE-LMC-HB-0245	RG	5.414139	-68.869861	-99.99	LMC160.8.61966	LMC517.16.38304	OGLE-LMC-ECL-15016	16.496	17.791	1.295	211.87200000	0.04100000	9022.3000	0.044	0.2333	89.30	89.80	-99.99	1	0.007080	0.002670	
OGLE-LMC-HB-0246	RG	5.418514	-68.806472	-99.99	LMC160.7.25914	LMC517.16.46859	EROS2-star lm020-6m-17696	15.546	16.937	1.391	200.78700000	0.04200000	9052.4000	0.039	0.1134	89.00	170.20	ECL	0	0.009870	0.004350	
OGLE-LMC-HB-0247	RG	5.418897	-69.409472	LMC_SC4_113080	LMC161.8.113564	LMC503.09.31338	-99.99	15.194	16.819	1.625	322.88000000	0.11000000	9285.8000	0.029	0.2460	30.64	46.10	-99.99	1	0.014280	-0.007930	
OGLE-LMC-HB-0248	RG	5.420844	-69.957167	LMC_SC4_36298	LMC162.7.53099	LMC502.26.37056	OGLE-LMC-ECL-32997	16.279	17.760	1.481	292.49400000	0.06100000	9035.9000	0.041	0.3910	64.00	129.30	-99.99	1	0.004280	0.000820	
OGLE-LMC-HB-0249	RG	5.422739	-69.090444	-99.99	LMC161.5.34250	LMC503.17.63553	-99.99	15.860	17.366	1.506	271.97100000	0.07400000	9118.0000	0.051	0.2952	59.00	43.50	-99.99	1	0.008860	0.000600	
OGLE-LMC-HB-0250	RG	5.428322	-69.813167	LMC_SC4_176272	LMC162.6.61369	LMC516.25.78663	-99.99	14.774	16.371	1.597	511.57000000	0.16000000	9200.5000	0.034	0.3070	73.50	41.90	-99.99	1	0.004490	0.001640	
OGLE-LMC-HB-0251	RG	5.430664	-69.145222	-99.99	LMC161.3.47502	LMC503.17.63502	OGLE-LMC-ECL-15418	15.702	17.238	1.536	276.17000000	0.14000000	9103.4000	0.024	0.1700	67.00	117.80	-99.99	1	0.005410	0.001590	
OGLE-LMC-HB-0252	RG	5.432886	-70.061750	LMC_SC4_145349	LMC162.1.60591	LMC516.16.26513	-99.99	14.717	16.418	1.701	338.15900000	0.05700000	9294.6000	0.049	0.1887	45.74	132.30	OSARG	1	0.018030	-0.002830	
OGLE-LMC-HB-0253	RG	5.438406	-69.195583	-99.99	LMC161.3.166	LMC517.07.52822	MACHO 80.7437.74	15.878	17.285	1.407	235.00000000	0.14000000	9093.9000	0.017	0.2090	49.00	148.30	-99.99	1	0.005220	-0.000870	
OGLE-LMC-HB-0254	MS	5.440125	-68.784722	-99.99	-99.99	LMC517.15.43517	2MASS J052624.45-684705.0	13.473	13.772	0.299	32.82939000	0.00022000	9031.0030	0.321	0.5473	42.51	130.64	TEO	1	0.027690	-0.006570	
OGLE-LMC-HB-0255	MS	5.440464	-71.696056	-99.99	LMC165.2.15	LMC501.17.15783	-99.99	15.136	15.246	0.110	19.88490000	0.00034000	9011.8490	0.077	0.2529	50.90	27.80	-99.99	1	0.019350	-0.000210	
OGLE-LMC-HB-0256	MS	5.441233	-66.631667	-99.99	-99.99	LMC519.07.7946	OGLE-LMC-ECL-33339	15.586	15.469	-0.117	6.58432000	0.00022000	9005.0500	0.022	0.2300	41.20	141.00	ECL	0	0.008100	-0.002790	
OGLE-LMC-HB-0257	RG	5.442842	-71.610444	-99.99	LMC165.3.17	LMC501.17.19601	-99.99	15.458	17.026	1.568	493.00000000	0.44000000	9327.9000	0.028	0.3250	57.80	27.20	-99.99	1	0.004610	0.000780	
OGLE-LMC-HB-0258	RG	5.447017	-69.822889	LMC_SC4_295953	LMC162.3.21749	LMC516.24.76540	-99.99	14.499	15.662	1.163	242.81800000	0.03900000	9084.5000	0.042	0.1948	48.30	165.10	-99.99	1	0.013940	-0.002260	
OGLE-LMC-HB-0259	RG	5.447336	-69.822861	LMC_SC4_296020	LMC162.3.21819	LMC516.24.76606	-99.99	15.637	17.326	1.689	585.49000000	0.52000000	9174.8000	0.023	0.2920	59.10	57.60	-99.99	1	0.004050	-0.000330	
OGLE-LMC-HB-0260	RG	5.448189	-69.055750	-99.99	LMC161.4.10415	LMC517.07.75128	-99.99	16.189	17.758	1.569	263.93000000	0.17000000	9011.2000	0.016	0.1940	63.00	37.90	-99.99	1	0.003830	0.001390	
OGLE-LMC-HB-0261	RG	5.449119	-69.911306	LMC_SC4_287362	LMC162.2.95455	LMC516.24.60238	-99.99	14.825	16.057	1.232	252.74000000	0.05200000	9202.2000	0.038	0.2412	54.50	109.10	-99.99	1	0.009220	0.000100	
OGLE-LMC-HB-0262	RG	5.449828	-70.690472	-99.99	LMC163.1.9115	LMC502.08.5638	-99.99	15.900	17.293	1.393	288.03000000	0.11000000	9022.3000	0.026	0.2100	42.70	7.30	-99.99	1	0.009700	-0.002770	
OGLE-LMC-HB-0263	MS	5.454036	-69.033250	-99.99	LMC161.4.20878	LMC517.07.33274	OGLE-LMC-ECL-16111	14.804	14.696	-0.108	7.00722200	0.00006200	9005.6960	0.032	0.2250	41.30	114.60	ECL	0	0.013170	-0.004750	
OGLE-LMC-HB-0264	RG	5.454469	-69.773389	LMC_SC4_427226	LMC162.3.22032	LMC516.24.76844	-99.99	16.141	17.425	1.284	294.15300000	0.09600000	9070.8000	0.024	0.1880	49.10	151.50	-99.99	1	0.007800	-0.000050	
OGLE-LMC-HB-0265	RG	5.456111	-68.937028	-99.99	LMC160.1.15740	LMC517.15.7	EROS2-star lm020-7n-11720	13.829	15.290	1.461	462.13000000	0.50000000	9263.7000	0.020	0.1790	89.30	66.30	-99.99	1	0.003710	0.001960	
OGLE-LMC-HB-0266	MS	5.458258	-70.737667	-99.99	LMC164.4.36525	LMC515.32.32180	OGLE-LMC-ECL-16219	17.200	17.579	0.379	8.38852300	0.00010000	9002.0880	0.074	0.1630	89.90	55.70	-99.99	1	0.014560	0.005750	
OGLE-LMC-HB-0267	RG	5.459419	-70.155417	LMC_SC3_5737	LMC163.4.86882	LMC516.15.133	-99.99	16.241	17.788	1.547	431.25000000	0.16000000	9322.8000	0.030	0.3710	67.00	101.50	-99.99	1	0.003340	0.000780	
OGLE-LMC-HB-0268	MS	5.461264	-69.099778	-99.99	LMC161.3.70149	LMC517.07.22356	OGLE-LMC-ECL-16303	15.282	15.175	-0.107	14.10109000	0.00027000	9001.1100	0.024	0.5180	44.50	126.90	ECL	0	0.002210	-0.001310	
OGLE-LMC-HB-0269	RG	5.461286	-70.418750	-99.99	LMC163.3.13639	LMC516.07.7679	-99.99	16.107	17.831	1.724	454.07000000	0.25000000	9253.1000	0.035	0.4360	87.00	121.70	-99.99	1	0.002300	0.000950	
OGLE-LMC-HB-0270	RG	5.461608	-69.265889	-99.99	LMC161.2.73784	LMC517.07.49	-99.99	15.712	17.338	1.626	366.04000000	0.14000000	9324.4000	0.049	0.3200	55.10	18.60	-99.99	1	0.008900	0.001060	
OGLE-LMC-HB-0271	RG	5.462564	-70.587556	-99.99	LMC163.1.46974	LMC515.32.46406	-99.99	16.245	17.789	1.544	283.62000000	0.11000000	9188.4000	0.029	0.1880	57.70	101.70	-99.99	1	0.007760	0.000620	
OGLE-LMC-HB-0272	RG	5.470078	-69.571667	LMC_SC3_201547	LMC162.4.112610	LMC516.32.86	-99.99	16.404	17.931	1.527	257.68700000	0.02500000	9234.7500	0.065	0.2633	63.30	35.30	-99.99	1	0.012020	0.002340	
OGLE-LMC-HB-0273	MS	5.471961	-69.130750	-99.99	LMC161.3.82057	LMC517.06.60528	-99.99	15.041	14.909	-0.132	7.54821400	0.00008500	9006.8860	0.028	0.2730	48.20	0.10	-99.99	1	0.007500	-0.000710	
OGLE-LMC-HB-0274	RG	5.473008	-70.543389	-99.99	LMC163.2.20966	LMC515.32.19965	-99.99	16.388	17.691	1.303	239.49000000	0.15000000	9072.7000	0.015	0.2800	60.00	137.60	OSARG	1	0.002690	0.000490	
OGLE-LMC-HB-0275	RG	5.475208	-70.178667	LMC_SC3_125026	LMC163.4.104751	LMC516.14.58920	-99.99	15.482	17.064	1.582	582.28000000	0.30000000	9098.6000	0.030	0.3188	60.00	125.20	OSARG	1	0.004720	0.001170	
OGLE-LMC-HB-0276	MS	5.479894	-69.567750	-99.99	LMC162.4.129369	LMC516.31.40170	-99.99	15.901	16.219	0.318	25.54610000	0.00150000	9016.8200	0.024	0.0960	26.90	23.20	-99.99	0	0.022600	-0.015400	
OGLE-LMC-HB-0277	RG	5.480069	-70.151000	LMC_SC3_243475	LMC163.4.123020	LMC516.14.72045	-99.99	15.770	17.414	1.644	354.63500000	0.09700000	9154.7000	0.050	0.2060	48.20	167.10	-99.99	1	0.016070	-0.003910	
OGLE-LMC-HB-0278	RG	5.480142	-69.368333	LMC_SC3_333510	LMC161.2.38009	LMC516.31.75163	EROS2-star lm002-0l-24086	15.701	17.239	1.538	356.63000000	0.04000000	9109.1900	0.066	0.3142	44.91	150.50	-99.99	1	0.015650	-0.002330	
OGLE-LMC-HB-0279	RG	5.480211	-69.747750	LMC_SC3_290210	LMC162.3.142944	LMC516.23.86332	MACHO 77.7913.428	16.143	17.305	1.162	259.47100000	0.06400000	9139.3000	0.033	0.1890	70.20	66.60	-99.99	1	0.006860	0.002340	
OGLE-LMC-HB-0280	RG	5.480550	-70.203083	LMC_SC3_236712	LMC163.4.52070	LMC516.14.58887	2MASS J05284999-7012111	14.126	16.005	1.879	661.31000000	0.15000000	9398.4000	0.078	0.3266	49.20	9.20	OSARG	1	0.016150	0.000100	
OGLE-LMC-HB-0281	MS	5.487072	-67.002417	-99.99	-99.99	LMC518.30.19680	OGLE-LMC-ECL-34014	15.482	15.551	0.069	158.02200000	0.01300000	9139.2400	0.203	0.2090	89.70	76.39	ECL	0	0.033760	0.011290	
OGLE-LMC-HB-0282	RG	5.487569	-70.096972	LMC_SC3_243534	LMC162.1.45394	LMC516.14.72201	-99.99	16.131	17.809	1.678	512.63000000	0.21000000	9461.7000	0.037	0.3990	59.40	140.80	-99.99	1	0.004220	0.000380	
OGLE-LMC-HB-0283	MS	5.489603	-68.739111	-99.99	LMC167.7.9244	LMC517.14.24538	-99.99	16.139	15.978	-0.161	7.00983700	0.00007900	9000.3540	0.025	0.4990	16.60	78.00	-99.99	1	0.003800	-0.004510	
OGLE-LMC-HB-0284	RG	5.491547	-70.010889	LMC_SC3_368170	LMC169.8.74823	LMC516.14.28571	-99.99	15.764	17.292	1.528	541.44000000	0.23000000	9212.6000	0.025	0.4060	65.30	94.70	-99.99	1	0.002460	0.000530	
OGLE-LMC-HB-0285	RG	5.492219	-70.185667	LMC_SC3_345466	LMC170.5.74197	LMC516.14.152	OGLE-LMC-ECL-17246	15.977	17.454	1.477	384.10000000	0.16000000	9122.6000	0.034	0.1710	90.00	121.60	ECL	1	0.006500	0.001540	
OGLE-LMC-HB-0286	MS	5.494494	-66.746056	-99.99	-99.99	LMC519.05.4553	OGLE-LMC-ECL-34130	17.411	17.277	-0.134	3.48344800	0.00002600	9002.2140	0.065	0.5090	29.10	63.50	ECL	0	0.010600	-0.007700	
OGLE-LMC-HB-0287	RG	5.496564	-71.186556	-99.99	LMC164.1.32908	LMC515.14.37635	EROS2-star lm058-5k-5506	16.129	17.477	1.348	274.98100000	0.05600000	9047.2000	0.079	0.3707	89.50	154.60	TEO/ECL	0	0.007960	0.002820	
OGLE-LMC-HB-0288	RG	5.496864	-69.388500	LMC_SC3_444289	LMC168.7.13125	LMC516.31.21042	-99.99	15.346	17.136	1.790	422.36000000	0.12000000	9315.4000	0.045	0.0996	45.90	57.50	OSARG	1	0.021400	-0.005100	
OGLE-LMC-HB-0289	MS	5.497575	-71.952806	-99.99	-99.99	LMC514.31.179	-99.99	16.346	16.544	0.198	2555.50000000	2.70000000	10621.9000	0.182	0.4564	50.77	38.40	OSARG	0	0.019050	-0.003860	
OGLE-LMC-HB-0290	MS	5.500661	-71.850250	-99.99	LMC165.1.15370	LMC514.31.21755	OGLE-LMC-ECL-17503	18.118	19.009	0.891	28.93292000	0.00088000	9004.1500	0.144	0.2015	56.10	26.50	-99.99	1	0.038400	0.002100	
OGLE-LMC-HB-0291	RG	5.504878	-71.743139	-99.99	LMC172.7.23	LMC515.06.21	-99.99	15.430	17.105	1.675	767.19000000	0.95000000	9300.2000	0.027	0.4310	52.50	50.40	-99.99	1	0.003100	-0.000160	
OGLE-LMC-HB-0292	MS	5.505247	-70.440139	-99.99	LMC170.7.59336	LMC516.05.53665	-99.99	15.908	15.948	0.040	3.18585590	0.00000350	9001.6509	0.147	0.2920	89.50	147.40	ECL	0	0.019500	0.000640	
OGLE-LMC-HB-0293	RG	5.505394	-69.123139	-99.99	LMC168.6.53859	LMC517.05.53123	-99.99	15.836	17.327	1.491	259.12500000	0.06200000	9244.1000	0.044	0.2875	53.90	134.60	-99.99	1	0.008900	-0.000150	
OGLE-LMC-HB-0294	MS	5.507547	-71.048944	-99.99	LMC171.7.34049	LMC515.23.5033	[RHH2018] 113	15.974	16.140	0.166	63.43960000	0.00250000	9009.6200	0.093	0.4770	20.19	74.40	-99.99	1	0.018260	-0.011130	
OGLE-LMC-HB-0295	RG	5.509239	-70.076833	LMC_SC2_31056	LMC169.8.18222	LMC516.13.72606	-99.99	16.217	17.349	1.132	189.47400000	0.05000000	9066.0000	0.019	0.1510	68.00	134.70	-99.99	1	0.004630	0.001650	
OGLE-LMC-HB-0296	RG	5.509289	-70.295000	LMC_SC2_13	LMC170.6.77104	LMC516.05.79007	2MASS J05303343-7017419	14.204	15.658	1.454	389.75000000	0.10000000	9198.6000	0.043	0.1809	62.90	103.30	-99.99	1	0.010510	0.001390	
OGLE-LMC-HB-0297	RG	5.509586	-70.962278	-99.99	LMC171.6.8225	LMC515.23.11798	OGLE-LMC-ECL-17768	16.223	17.444	1.221	169.83200000	0.01500000	9022.4800	0.091	0.2976	71.60	33.70	-99.99	1	0.013080	0.001810	
OGLE-LMC-HB-0298	RG	5.510342	-70.722611	-99.99	LMC170.8.8883	LMC515.31.7597	-99.99	15.834	17.178	1.344	501.26000000	0.22000000	9402.7000	0.034	0.6350	62.10	146.40	-99.99	1	0.000890	0.000340	
OGLE-LMC-HB-0299	MS	5.516431	-69.114722	-99.99	LMC168.6.64145	LMC517.05.18823	-99.99	14.958	14.937	-0.021	14.04737000	0.00041000	9006.3700	0.017	0.5070	24.40	39.00	-99.99	1	0.002140	-0.001890	
OGLE-LMC-HB-0300	RG	5.517900	-70.367556	-99.99	LMC170.6.30282	LMC516.05.65568	-99.99	16.379	17.853	1.474	339.78500000	0.06600000	9116.3000	0.046	0.4750	65.80	33.50	-99.99	1	0.003200	0.001100	
OGLE-LMC-HB-0301	RG	5.518489	-69.924056	LMC_SC2_166023	LMC169.7.40932	-99.99	-99.99	14.242	15.638	1.396	444.68000000	0.41000000	9231.4000	0.028	0.3110	51.90	2.90	-99.99	1	0.005990	-0.000350	
OGLE-LMC-HB-0302	MS	5.519183	-69.408417	-99.99	LMC168.8.77063	LMC516.30.19742	OGLE-LMC-ECL-18047	15.002	14.849	-0.153	4.58478000	0.00005300	9002.0440	0.015	0.1500	33.20	101.10	ECL	0	0.012300	-0.006800	
OGLE-LMC-HB-0303	RG	5.519228	-69.463639	LMC_SC2_208893	LMC168.8.77064	LMC516.30.9061	-99.99	15.441	17.081	1.640	456.38000000	0.18000000	9216.7000	0.028	0.1442	56.10	171.10	OSARG	1	0.009060	0.000550	
OGLE-LMC-HB-0304	RG	5.523439	-70.324250	LMC_SC2_218937	LMC170.6.94522	LMC516.05.19507	-99.99	15.254	16.971	1.717	538.11000000	0.13000000	9173.8000	0.049	0.3576	55.00	172.50	OSARG	1	0.007950	0.001550	
OGLE-LMC-HB-0305	RG	5.531247	-69.865306	LMC_SC2_276677	LMC169.7.144574	LMC516.22.48	-99.99	14.923	16.347	1.424	224.05300000	0.07000000	9058.8000	0.019	0.1890	41.20	51.60	-99.99	1	0.008130	-0.002530	
OGLE-LMC-HB-0306	RG	5.533281	-69.577694	LMC_SC2_401876	LMC169.5.115056	-99.99	-99.99	14.207	15.865	1.658	500.10000000	0.29000000	9121.0000	0.068	0.3475	62.00	71.30	-99.99	1	0.009090	0.002120	
OGLE-LMC-HB-0307	RG	5.533972	-69.535944	-99.99	LMC168.8.39811	LMC516.29.34554	-99.99	15.844	17.357	1.513	427.75000000	0.41000000	9157.5000	0.025	0.1580	71.00	38.60	-99.99	1	0.005880	0.002260	
OGLE-LMC-HB-0308	MS	5.534381	-70.496861	-99.99	LMC170.7.85789	LMC516.04.43402	OGLE-LMC-ECL-18477	16.197	16.762	0.565	33.38135000	0.00046000	9012.7550	0.092	0.4871	89.00	135.00	TEO	0	0.004780	0.002390	
OGLE-LMC-HB-0309	RG	5.538872	-70.012083	LMC_SC2_357840	LMC169.8.135779	LMC516.12.85852	-99.99	15.604	17.149	1.545	537.85000000	0.16000000	9150.8000	0.032	0.4360	59.10	169.30	-99.99	1	0.003310	0.001350	
OGLE-LMC-HB-0310	RG	5.540239	-69.116222	-99.99	LMC168.3.33197	LMC517.04.18137	-99.99	16.119	17.384	1.265	283.23000000	0.17000000	9265.5000	0.021	0.2420	72.20	13.70	-99.99	1	0.003990	0.001560	
OGLE-LMC-HB-0311	RG	5.540647	-70.101333	LMC_SC1_44635	LMC169.1.38	LMC516.12.69041	-99.99	15.345	17.072	1.727	454.46200000	0.09400000	9374.0000	0.070	0.1689	56.50	136.90	OSARG	1	0.019880	0.001950	
OGLE-LMC-HB-0312	RG	5.540708	-69.522583	LMC_SC2_407002	-99.99	LMC516.29.43328	J053226.44-693122.1	12.965	14.781	1.816	650.62000000	0.15000000	9413.0000	0.103	0.1801	78.20	133.00	OSARG	0	0.020290	0.008110	
OGLE-LMC-HB-0313	RG	5.542533	-69.727944	-99.99	LMC169.3.61440	LMC516.21.71376	-99.99	15.884	17.386	1.502	552.06000000	0.36000000	9538.1000	0.028	0.4060	80.80	107.50	ECL	1	0.002260	0.000870	
OGLE-LMC-HB-0314	MS	5.543533	-69.412333	LMC_SC2_416902	LMC168.1.41153	LMC516.29.54441	OGLE-LMC-ECL-18727	14.668	14.731	0.063	10.35699800	0.00005900	9002.3810	0.049	0.2824	57.00	24.80	ECL	0	0.009760	-0.000790	
OGLE-LMC-HB-0315	RG	5.543819	-65.645389	-99.99	-99.99	LMC519.28.9324	OGLE-LMC-ECL-34991	15.217	16.672	1.455	685.81000000	0.39000000	9415.5000	0.052	0.5990	70.50	72.80	-99.99	1	0.001480	0.000030	
OGLE-LMC-HB-0316	RG	5.544444	-69.225028	-99.99	LMC168.3.55	LMC517.04.8610	EROS2-star lm002-1k-28820	15.099	16.985	1.886	414.49000000	0.04800000	9350.7500	0.138	0.2209	62.19	57.12	OSARG	0	0.028990	-0.000940	
OGLE-LMC-HB-0317	RG	5.547419	-69.714611	LMC_SC1_84811	LMC169.3.61465	LMC516.21.71400	-99.99	15.912	17.438	1.526	239.63000000	0.04200000	9069.5000	0.049	0.1500	66.00	52.80	-99.99	1	0.012180	0.002570	
OGLE-LMC-HB-0318	RG	5.552589	-69.877306	LMC_SC1_158043	LMC169.2.73535	LMC516.21.43	-99.99	15.702	17.121	1.419	341.55700000	0.07300000	9077.2000	0.043	0.1729	65.20	31.00	OSARG	1	0.010380	0.002370	
OGLE-LMC-HB-0319	MS	5.552850	-68.533750	-99.99	LMC167.3.29239	LMC517.20.31866	OGLE-LMC-ECL-18972	17.942	18.382	0.440	10.76073000	0.00015000	9002.1400	0.058	0.3230	67.60	4.40	ECL	0	0.009210	0.004000	
OGLE-LMC-HB-0320	RG	5.556756	-71.062500	-99.99	LMC171.2.32786	LMC515.21.32681	OGLE-LMC-ECL-35210	16.084	17.608	1.524	296.38000000	0.13000000	9202.0000	0.025	0.3000	63.80	112.20	-99.99	1	0.003960	0.001100	
OGLE-LMC-HB-0321	RG	5.557094	-69.725694	LMC_SC1_175013	LMC169.3.77611	LMC516.21.24891	-99.99	16.722	18.045	1.323	148.65700000	0.01900000	9029.0000	0.041	0.2441	71.00	10.50	-99.99	1	0.007970	0.003970	
OGLE-LMC-HB-0322	RG	5.557500	-70.131028	LMC_SC1_130673	LMC169.1.16878	LMC516.12.12322	EROS2-star lm002-7m-3365	15.555	17.120	1.565	342.90000000	0.07600000	9069.6000	0.040	0.1246	61.40	56.70	ECL	1	0.011600	0.002000	
OGLE-LMC-HB-0323	MS	5.559281	-71.302028	-99.99	LMC171.1.65	LMC515.12.37430	-99.99	16.379	16.551	0.172	24.91618000	0.00058000	9011.5020	0.060	0.4730	24.96	72.70	ECL	0	0.012800	-0.011290	
OGLE-LMC-HB-0324	RG	5.562436	-69.572056	-99.99	LMC169.4.63771	-99.99	OGLE-LMC-ECL-19234	15.870	17.202	1.332	205.78900000	0.08100000	9099.6000	0.079	0.2654	54.60	128.00	-99.99	1	0.017040	0.000130	
OGLE-LMC-HB-0325	RG	5.564394	-69.590472	-99.99	LMC169.4.63692	LMC516.28.32944	OGLE-LMC-ECL-19281	15.918	17.576	1.658	264.82500000	0.04300000	9261.0000	0.070	0.2296	72.00	54.30	-99.99	1	0.012320	0.002990	
OGLE-LMC-HB-0326	RG	5.565733	-70.322139	LMC_SC1_201696	LMC170.3.73551	LMC516.03.62029	-99.99	16.634	18.005	1.371	205.41800000	0.05200000	9153.6000	0.030	0.1430	59.50	126.30	-99.99	1	0.008600	0.000300	
OGLE-LMC-HB-0327	RG	5.567939	-70.564167	LMC_SC1_184022	LMC170.2.12085	LMC515.29.25500	2MASS J05340458-7033510	15.199	16.894	1.695	401.84000000	0.12000000	9060.4000	0.048	0.1729	78.50	61.50	OSARG	1	0.009550	0.004970	
OGLE-LMC-HB-0328	RG	5.568628	-69.120417	-99.99	LMC168.3.48774	LMC517.03.14176	-99.99	16.359	17.745	1.386	319.99800000	0.06900000	9059.9000	0.046	0.3244	52.70	106.20	-99.99	1	0.008850	0.000130	
OGLE-LMC-HB-0329	MS	5.568844	-69.086583	-99.99	LMC168.4.14143	LMC517.03.14571	OGLE-LMC-ECL-19401	17.857	18.556	0.699	11.35836000	0.00012000	9004.9880	0.097	0.2687	77.00	120.20	-99.99	1	0.014090	0.005500	
OGLE-LMC-HB-0330	MS	5.569650	-67.445944	-99.99	-99.99	LMC518.19.11621	OGLE-LMC-ECL-35417	14.499	14.361	-0.138	9.46739000	0.00038000	9003.0600	0.019	0.3640	57.00	32.00	ECL	0	0.002690	-0.000210	
OGLE-LMC-HB-0331	MS	5.569794	-66.949028	-99.99	-99.99	LMC518.27.21627	-99.99	14.741	14.582	-0.159	5.87278000	0.00015000	9003.7250	0.024	0.2040	30.90	169.00	-99.99	0	0.012600	-0.006900	
OGLE-LMC-HB-0332	MS	5.570794	-69.843111	-99.99	LMC169.2.109630	LMC516.20.51233	OGLE-LMC-ECL-19456	16.275	16.389	0.114	7.10789000	0.00010000	9004.9910	0.028	0.3370	44.90	19.70	ECL	0	0.005880	-0.001740	
OGLE-LMC-HB-0333	MS	5.575775	-69.756694	-99.99	LMC169.3.93686	LMC516.20.63068	OGLE-LMC-ECL-19581	14.971	14.815	-0.156	4.12294700	0.00004700	9002.5550	0.018	0.2360	88.00	125.00	ECL	0	0.002840	0.000660	
OGLE-LMC-HB-0334	RG	5.578764	-71.275667	-99.99	LMC171.1.6932	-99.99	2MASS J05344354-7116323	14.390	15.787	1.397	322.02000000	0.29000000	9148.7000	0.042	0.2303	80.60	76.70	-99.99	1	0.006810	0.001210	
OGLE-LMC-HB-0335	RG	5.579575	-70.501444	LMC_SC1_271034	LMC170.2.73293	LMC516.03.41429	-99.99	16.347	17.777	1.430	276.57900000	0.09900000	9096.2000	0.026	0.1690	58.40	16.00	-99.99	1	0.007330	0.001080	
OGLE-LMC-HB-0336	RG	5.581539	-69.490750	-99.99	LMC168.1.32713	LMC516.28.7203	-99.99	15.889	17.458	1.569	433.49000000	0.16000000	9220.4000	0.041	0.3494	57.40	41.10	-99.99	1	0.005930	0.000500	
OGLE-LMC-HB-0337	MS	5.585094	-70.274028	LMC_SC1_290444	LMC170.4.33114	LMC516.03.30711	-99.99	16.465	17.078	0.613	18.35047800	0.00007000	9003.9160	0.196	0.2210	89.90	45.35	ECL	0	0.032040	0.007510	
OGLE-LMC-HB-0338	RG	5.585206	-70.275583	LMC_SC1_290414	LMC170.4.33004	LMC516.03.30647	MACHO 11.8873.36	15.263	17.054	1.791	858.65000000	0.55000000	9001.3000	0.042	0.4126	58.20	22.80	OSARG	1	0.004730	0.000390	
OGLE-LMC-HB-0339	RG	5.585281	-69.699611	LMC_SC1_340241	LMC169.3.108936	LMC516.20.21248	-99.99	16.141	18.027	1.886	405.66000000	0.21000000	9100.4000	0.029	0.1800	61.80	32.00	-99.99	1	0.007200	0.001800	
OGLE-LMC-HB-0340	MS	5.588022	-69.048278	-99.99	LMC168.4.19605	LMC517.02.37346	OGLE-LMC-ECL-19871	15.029	15.132	0.103	15.48356000	0.00025000	9000.5880	0.007	0.5630	33.00	170.00	ECL	0	0.000590	-0.000720	
OGLE-LMC-HB-0341	MS	5.588675	-67.267167	-99.99	-99.99	LMC518.19.5811	OGLE-LMC-ECL-35756	14.092	13.938	-0.154	16.15973000	0.00013000	9003.5140	0.097	0.6670	88.20	88.10	ECL	0	0.001400	-0.000260	
OGLE-LMC-HB-0342	MS	5.589878	-68.817194	-99.99	LMC174.8.90	LMC517.10.33992	-99.99	15.527	15.425	-0.102	6.66142600	0.00008100	9005.8770	0.027	0.2200	35.60	4.00	-99.99	1	0.011590	-0.005000	
OGLE-LMC-HB-0343	MS	5.590892	-67.962028	-99.99	LMC173.6.367	LMC518.02.2736	OGLE-LMC-ECL-35797	16.577	16.634	0.057	5.17029600	0.00006000	9001.2150	0.029	0.1670	89.00	103.20	-99.99	1	0.005810	0.003300	
OGLE-LMC-HB-0344	RG	5.593739	-69.264778	-99.99	LMC175.7.44002	LMC517.02.22143	MACHO 82.9009.83	16.100	17.857	1.757	418.17000000	0.19000000	9359.5000	0.033	0.2820	70.00	33.60	-99.99	1	0.005160	0.001990	
OGLE-LMC-HB-0345	RG	5.598700	-70.479806	LMC_SC16_81498	LMC170.2.86131	LMC516.02.39017	-99.99	15.649	17.472	1.823	324.90100000	0.08200000	9139.6000	0.042	0.1254	57.90	150.60	-99.99	1	0.013300	0.001800	
OGLE-LMC-HB-0346	MS	5.600133	-69.490556	-99.99	LMC175.8.10924	LMC516.27.38569	MACHO 81.9006.10	14.548	14.561	0.013	20.40130000	0.00050000	9013.5900	0.026	0.4710	56.40	64.20	-99.99	1	0.002230	0.000120	
OGLE-LMC-HB-0347	MS	5.600269	-69.707528	-99.99	LMC176.6.39822	LMC516.19.56963	OGLE-LMC-ECL-20218	14.637	14.467	-0.170	7.65770800	0.00001900	9000.6900	0.064	0.6790	89.10	95.40	ECL	0	0.000824	-0.000370	
OGLE-LMC-HB-0348	MS	5.603731	-68.928972	-99.99	LMC174.8.43	LMC517.10.23	MCPS 084.05595-68.92893	14.412	14.338	-0.074	8.67917000	0.00027000	9000.5300	0.015	0.3380	24.80	40.00	-99.99	1	0.005000	-0.004200	
OGLE-LMC-HB-0349	RG	5.604392	-69.562778	-99.99	LMC176.5.34357	LMC516.27.31496	-99.99	16.288	17.928	1.640	594.32000000	0.26000000	9381.4000	0.034	0.5270	62.80	24.10	-99.99	1	0.001920	0.001000	
OGLE-LMC-HB-0350	MS	5.607169	-69.486722	-99.99	LMC175.8.10945	LMC516.27.38572	-99.99	14.713	14.645	-0.068	4.95038800	0.00005900	9001.2360	0.019	0.3050	40.20	118.00	TEO	1	0.006220	-0.002410	
OGLE-LMC-HB-0351	RG	5.612675	-70.028389	LMC_SC16_187428	LMC176.8.58859	LMC516.10.24687	-99.99	15.613	17.273	1.660	316.55400000	0.06200000	9290.9000	0.054	0.3264	55.30	162.40	TEO	1	0.009580	0.000390	
OGLE-LMC-HB-0352	RG	5.614225	-69.943944	LMC_SC16_191047	LMC176.7.12965	LMC516.10.35566	-99.99	16.509	18.362	1.853	330.21000000	0.11000000	9328.7000	0.045	0.2210	58.80	59.00	-99.99	1	0.010360	0.001080	
OGLE-LMC-HB-0353	RG	5.614228	-69.993528	LMC_SC16_187450	LMC176.7.12966	LMC516.10.24792	-99.99	16.021	17.877	1.856	663.71000000	0.17000000	9396.7000	0.059	0.5070	61.50	85.00	-99.99	1	0.003730	0.000140	
OGLE-LMC-HB-0354	RG	5.617014	-68.434417	-99.99	LMC174.5.22105	LMC517.18.33377	EROS2-star lm022-4k-12751	15.493	17.033	1.540	418.90000000	0.24000000	9184.3000	0.032	0.2850	73.70	38.00	-99.99	1	0.004680	0.001100	
OGLE-LMC-HB-0355	RG	5.617033	-71.356639	-99.99	LMC172.4.54168	LMC515.10.32701	OGLE-LMC-ECL-20686	15.898	17.613	1.715	364.88100000	0.09500000	9246.8000	0.047	0.2835	88.60	100.80	-99.99	1	0.006170	0.000120	
OGLE-LMC-HB-0356	MS	5.623589	-69.334861	-99.99	LMC175.7.22196	LMC516.26.41372	OGLE-LMC-ECL-20866	15.999	15.993	-0.006	9.49778000	0.00035000	9008.4700	0.009	0.5400	28.50	60.00	ECL	0	0.001130	-0.001080	
OGLE-LMC-HB-0357	RG	5.625872	-69.832778	LMC_SC16_260647	LMC176.6.20877	LMC516.18.37071	2MASS J05373315-6949580	15.969	17.426	1.457	297.98200000	0.04300000	9072.6000	0.063	0.3071	67.40	157.80	-99.99	1	0.009590	0.001720	
OGLE-LMC-HB-0358	RG	5.626611	-70.121111	LMC_SC16_240531	LMC176.8.28122	LMC516.09.42864	-99.99	16.018	17.504	1.486	285.61000000	0.10000000	9160.4000	0.031	0.1450	82.40	59.00	OSARG	1	0.006630	0.002450	
OGLE-LMC-HB-0359	RG	5.628733	-70.733167	LMC_SC17_23	LMC177.8.11942	LMC515.27.7405	-99.99	16.011	17.578	1.567	348.22000000	0.31000000	9020.4000	0.022	0.2120	57.10	117.70	-99.99	1	0.005470	0.001010	
OGLE-LMC-HB-0360	RG	5.629025	-68.033278	-99.99	LMC173.3.7	LMC554.25.15	EROS2-star lm022-2k-4629	14.614	16.399	1.785	694.28000000	0.21000000	9372.0000	0.129	0.4005	58.53	36.10	-99.99	0	0.014730	0.001480	
OGLE-LMC-HB-0361	MS	5.630869	-69.540639	-99.99	LMC175.8.32785	LMC516.26.20393	-99.99	16.987	17.545	0.558	62.61630000	0.00340000	9006.4100	0.058	0.4130	33.39	47.70	-99.99	1	0.013680	-0.007900	
OGLE-LMC-HB-0362	RG	5.632253	-69.601250	-99.99	LMC176.5.50199	-99.99	2MASS J05375610-6936045	15.092	16.696	1.604	303.25000000	0.08600000	9011.2100	0.114	0.2573	63.40	175.60	-99.99	1	0.024060	0.005140	
OGLE-LMC-HB-0363	RG	5.635447	-71.748111	-99.99	LMC179.7.4247	LMC515.02.32	-99.99	16.203	17.716	1.513	284.51900000	0.06600000	9073.5000	0.045	0.3340	77.60	71.70	-99.99	1	0.005040	0.001820	
OGLE-LMC-HB-0364	RG	5.636467	-68.175639	-99.99	LMC173.2.55	LMC554.16.16216	-99.99	15.527	16.914	1.387	499.38000000	0.18000000	9458.5000	0.049	0.4484	63.90	169.70	OSARG	1	0.004530	0.001780	
OGLE-LMC-HB-0365	MS	5.642400	-69.065556	-99.99	LMC175.4.115	LMC553.25.36601	[P93] 305	16.610	16.660	0.050	14.77308000	0.00030000	9008.3450	0.056	0.6950	26.90	74.00	-99.99	1	0.002530	-0.001870	
OGLE-LMC-HB-0366	RG	5.644764	-67.968556	-99.99	LMC173.3.19	LMC554.24.23	-99.99	13.991	15.295	1.304	657.85000000	0.83000000	9521.9000	0.017	0.2290	61.70	156.00	ECL	0	0.003780	0.000300	
OGLE-LMC-HB-0367	MS	5.646236	-66.371833	-99.99	-99.99	LMC555.32.1920	-99.99	16.910	17.218	0.308	19.73110000	0.00051000	9000.0500	0.100	0.2056	57.00	56.10	ECL	0	0.025000	0.000600	
OGLE-LMC-HB-0368	RG	5.653944	-70.431278	LMC_SC17_150137	-99.99	LMC516.01.6188	-99.99	15.139	16.746	1.607	416.15000000	0.16000000	9024.9000	0.035	0.2620	42.20	0.60	OSARG	1	0.010890	-0.002310	
OGLE-LMC-HB-0369	RG	5.659806	-69.809917	LMC_SC17_237495	-99.99	LMC516.17.31929	-99.99	16.778	18.889	2.111	345.77000000	0.72000000	9283.7000	0.026	0.2040	65.00	47.00	-99.99	0	0.005600	0.001740	
OGLE-LMC-HB-0370	MS	5.660033	-71.080528	-99.99	LMC178.7.51068	LMC515.18.80	OGLE-LMC-ECL-36738	15.865	15.861	-0.004	3.90127200	0.00004200	9002.4220	0.018	0.3320	34.80	32.50	ECL	0	0.005310	-0.002860	
OGLE-LMC-HB-0371	RG	5.661750	-69.757778	-99.99	LMC176.3.31662	LMC553.07.44522	-99.99	13.990	15.536	1.546	616.42000000	0.44000000	9075.0000	0.036	0.1950	89.40	71.80	-99.99	1	0.006440	0.002700	
OGLE-LMC-HB-0372	RG	5.663433	-70.406278	LMC_SC17_203768	LMC177.3.55	LMC552.25.7715	-99.99	15.790	17.493	1.703	338.78400000	0.06900000	9093.3000	0.057	0.1763	62.00	137.80	-99.99	1	0.014100	0.002180	
OGLE-LMC-HB-0373	RG	5.665739	-70.802194	LMC_SC18_3066	LMC178.5.24280	LMC552.16.64	-99.99	15.928	17.396	1.468	295.03000000	0.12000000	9034.2000	0.026	0.2510	58.30	25.30	-99.99	1	0.005590	0.000310	
OGLE-LMC-HB-0374	RG	5.667514	-70.333333	LMC_SC17_211289	LMC177.3.50440	LMC552.25.18058	EROS2-star lm003-7l-10520	15.269	16.955	1.686	326.95500000	0.07900000	9180.2000	0.044	0.2423	60.80	134.50	-99.99	1	0.009080	0.001160	
OGLE-LMC-HB-0375	RG	5.668422	-70.472250	LMC_SC17_200422	LMC177.2.45057	LMC552.25.43	-99.99	15.542	17.228	1.686	360.68500000	0.06700000	9108.8000	0.058	0.1364	62.50	61.80	-99.99	1	0.015900	0.001100	
OGLE-LMC-HB-0376	RG	5.670489	-71.297500	-99.99	LMC178.8.20995	LMC515.09.5999	-99.99	15.264	16.673	1.409	588.07000000	0.26000000	9102.8000	0.049	0.5880	60.20	52.40	-99.99	1	0.001800	0.000130	
OGLE-LMC-HB-0377	RG	5.671417	-68.402667	-99.99	LMC174.4.20043	LMC554.06.18905	OGLE-LMC-ECL-22065	16.013	17.405	1.392	508.81000000	0.13000000	9294.2000	0.058	0.4752	65.10	97.80	-99.99	1	0.004030	0.000200	
OGLE-LMC-HB-0378	RG	5.685142	-70.880556	-99.99	LMC178.3.31368	LMC552.07.56476	OGLE-LMC-ECL-22398	15.825	17.219	1.394	309.21800000	0.07100000	9254.8000	0.062	0.4299	87.20	86.90	-99.99	1	0.004330	0.000290	
OGLE-LMC-HB-0379	RG	5.685836	-70.950250	-99.99	LMC178.3.48	LMC515.17.43858	-99.99	15.524	17.179	1.655	356.28000000	0.17000000	9059.2000	0.025	0.3320	42.40	22.10	-99.99	1	0.005860	-0.002460	
OGLE-LMC-HB-0380	RG	5.690472	-70.542028	LMC_SC18_124968	LMC177.2.22501	LMC552.15.56026	-99.99	15.733	17.398	1.665	460.60000000	0.19000000	9196.5000	0.037	0.3010	65.40	142.10	-99.99	1	0.005670	0.001060	
OGLE-LMC-HB-0381	RG	5.694372	-68.539611	-99.99	LMC182.6.112	LMC554.06.18700	-99.99	15.887	17.364	1.477	284.20000000	0.16000000	9198.6000	0.024	0.2770	57.10	177.40	-99.99	1	0.005240	0.000120	
OGLE-LMC-HB-0382	RG	5.694761	-71.095833	-99.99	LMC178.2.35579	LMC515.17.63	MACHO 15.9949.27	15.733	17.551	1.818	362.20700000	0.06800000	9159.0000	0.063	0.2925	74.00	153.20	-99.99	1	0.009340	0.008570	
OGLE-LMC-HB-0383	RG	5.697181	-68.744333	-99.99	LMC182.7.236	LMC553.31.34154	-99.99	16.932	18.351	1.419	184.74000000	0.12000000	9004.6000	0.019	0.2200	68.00	26.20	ECL	0	0.003790	0.000540	
OGLE-LMC-HB-0384	RG	5.699478	-70.017083	LMC_SC18_155452	LMC176.1.61198	LMC552.32.15098	-99.99	16.794	18.234	1.440	218.75400000	0.03100000	9059.5500	0.066	0.2960	67.00	160.30	-99.99	1	0.010650	0.003150	
OGLE-LMC-HB-0385	RG	5.708006	-67.514583	-99.99	-99.99	LMC554.30.12938	-99.99	14.618	16.215	1.597	698.60000000	0.42000000	9156.8000	0.094	0.4942	72.70	40.60	TEO	1	0.005260	0.002360	
OGLE-LMC-HB-0386	MS	5.709372	-68.280556	-99.99	LMC181.8.13728	LMC554.13.168	OGLE-LMC-ECL-37269	16.446	16.361	-0.085	2.78740700	0.00001800	9000.1130	0.030	0.1010	89.40	45.60	ECL	1	0.007320	0.002920	
OGLE-LMC-HB-0387	RG	5.712950	-67.560694	-99.99	-99.99	LMC554.30.13039	-99.99	16.331	17.559	1.228	164.36600000	0.05200000	9044.3000	0.052	0.3220	64.50	117.30	-99.99	1	0.007330	0.000620	
OGLE-LMC-HB-0388	RG	5.713286	-68.366750	-99.99	LMC181.8.13497	LMC554.13.40	OGLE-LMC-ECL-23069	15.303	16.944	1.641	429.26000000	0.13000000	9240.5000	0.074	0.3081	89.30	110.60	-99.99	1	0.008660	0.002890	
OGLE-LMC-HB-0389	MS	5.718647	-68.156250	-99.99	LMC181.7.14021	LMC554.13.13473	-99.99	15.563	15.706	0.143	36.01955000	0.00056000	9025.2260	0.164	0.1159	14.65	24.60	ECL	0	0.208000	-0.165000	
OGLE-LMC-HB-0390	RG	5.719153	-70.828139	LMC_SC19_60977	LMC178.4.24446	LMC552.14.36166	2MASS J05430894-7049413	15.015	16.937	1.922	583.45000000	0.13000000	9327.9000	0.076	0.3499	64.80	116.80	OSARG	1	0.009440	0.001240	
OGLE-LMC-HB-0391	RG	5.719283	-70.095528	-99.99	LMC184.8.36	LMC552.31.39707	2MASS J05430942-7005439	15.182	16.884	1.702	530.58000000	0.11000000	9003.0000	0.105	0.3272	67.90	143.60	OSARG	1	0.014070	0.003270	
OGLE-LMC-HB-0392	MS	5.722047	-69.166083	-99.99	LMC183.6.25632	LMC553.22.22853	OGLE-LMC-ECL-23256	14.797	15.075	0.278	20.83300000	0.00014000	9016.6120	0.151	0.1282	88.50	79.30	-99.99	0	0.032950	0.011690	
OGLE-LMC-HB-0393	RG	5.731394	-68.820639	-99.99	LMC182.8.23754	LMC553.30.22842	EROS2-star lm022-7m-8797	15.318	16.970	1.652	463.24000000	0.15000000	9082.8000	0.067	0.3155	85.10	68.80	-99.99	1	0.007680	0.002280	
OGLE-LMC-HB-0394	RG	5.736211	-67.810167	-99.99	LMC181.4.13	LMC554.21.11015	-99.99	13.736	15.124	1.388	841.20000000	1.40000000	9586.4000	0.019	0.3840	88.90	117.40	-99.99	1	0.001600	0.000380	
OGLE-LMC-HB-0395	RG	5.736703	-68.815417	-99.99	LMC182.8.24004	LMC553.30.7438	-99.99	16.175	17.851	1.676	292.04000000	0.13000000	9228.2000	0.035	0.2830	60.10	39.80	-99.99	1	0.006350	0.001160	
OGLE-LMC-HB-0396	RG	5.739053	-70.941139	LMC_SC19_105537	LMC186.6.26879	-99.99	-99.99	16.036	17.712	1.676	208.68000000	0.10000000	9081.5000	0.037	0.1230	46.90	5.20	-99.99	1	0.016200	-0.003000	
OGLE-LMC-HB-0397	MS	5.739156	-67.068750	-99.99	-99.99	LMC555.11.14764	OGLE-LMC-ECL-37569	15.409	15.497	0.088	28.78530000	0.00300000	9007.2600	0.028	0.1900	84.40	0.50	ECL	1	0.006150	0.001220	
OGLE-LMC-HB-0398	RG	5.745739	-68.515556	-99.99	LMC182.3.84	LMC554.04.14860	EROS2-star lm023-4k-24922	15.430	17.247	1.817	699.72000000	0.54000000	9030.0000	0.048	0.3491	53.70	76.50	OSARG	1	0.008050	0.000780	
OGLE-LMC-HB-0399	RG	5.746792	-70.168500	LMC_SC19_189013	LMC185.5.58685	LMC552.30.29333	-99.99	16.131	17.678	1.547	262.94800000	0.08000000	9084.6000	0.032	0.1360	60.90	16.50	-99.99	1	0.009500	0.002200	
OGLE-LMC-HB-0400	RG	5.749647	-69.363833	-99.99	LMC183.7.27764	LMC553.12.28519	-99.99	16.743	19.455	2.712	423.44000000	0.14000000	9346.0000	0.074	0.1864	53.00	15.70	OSARG	1	0.022600	-0.001000	
OGLE-LMC-HB-0401	RG	5.750625	-70.794333	-99.99	LMC186.5.35611	LMC552.13.35311	OGLE-LMC-ECL-23706	15.666	17.425	1.759	458.07000000	0.18000000	9169.1000	0.046	0.3380	67.90	104.00	-99.99	1	0.005760	0.000810	
OGLE-LMC-HB-0402	RG	5.753717	-69.500056	-99.99	LMC183.1.57	LMC553.12.19741	-99.99	15.739	17.331	1.592	473.69000000	0.15000000	9147.3000	0.073	0.4035	89.60	34.90	-99.99	1	0.006070	0.001840	
OGLE-LMC-HB-0403	RG	5.764706	-69.186194	-99.99	LMC183.3.36	LMC553.21.3672	EROS2-star lm004-0m-21495	15.213	16.968	1.755	610.82000000	0.39000000	9231.0000	0.047	0.3940	59.80	58.60	-99.99	1	0.005240	-0.000030	
OGLE-LMC-HB-0404	MS	5.767114	-67.598500	-99.99	-99.99	LMC554.28.12723	LHA 120-S 60	14.291	14.538	0.247	17.27240000	0.00022000	9004.4560	0.132	0.2955	56.21	102.80	-99.99	1	0.025250	0.000520	
OGLE-LMC-HB-0405	RG	5.767419	-70.674472	LMC_SC20_87210	LMC185.8.33835	LMC552.13.18106	-99.99	16.039	17.689	1.650	512.28000000	0.18000000	9224.7000	0.049	0.4830	69.20	150.20	-99.99	1	0.003140	0.001250	
OGLE-LMC-HB-0406	RG	5.768028	-67.630722	-99.99	-99.99	LMC554.28.105	-99.99	15.765	17.139	1.374	400.34000000	0.58000000	9154.8000	0.022	0.4100	49.50	11.20	-99.99	1	0.003030	-0.000330	
OGLE-LMC-HB-0407	RG	5.769117	-70.712194	LMC_SC20_83422	LMC185.8.33842	LMC552.13.8359	MACHO 12.10681.24	15.343	17.079	1.736	609.39000000	0.42000000	9568.3000	0.025	0.2830	52.90	81.30	-99.99	1	0.005750	-0.000110	
OGLE-LMC-HB-0408	MS	5.770950	-69.447861	-99.99	LMC183.1.110	LMC553.12.7753	OGLE-LMC-ECL-23999	15.240	15.894	0.654	114.02923000	0.00072000	9032.2070	0.443	0.6753	75.10	64.61	ECL/MISC	0	0.005770	0.005230	
OGLE-LMC-HB-0409	RG	5.773417	-69.477639	-99.99	LMC183.1.292	LMC553.12.3693	-99.99	16.402	18.261	1.859	316.37000000	0.14000000	9001.5000	0.039	0.2630	57.40	105.10	-99.99	1	0.008180	-0.000410	
OGLE-LMC-HB-0410	MS	5.779994	-70.584944	LMC_SC20_141835	LMC185.2.238	LMC552.12.63744	OGLE-LMC-ECL-37938	16.959	17.453	0.494	34.05499000	0.00044000	9000.8500	0.171	0.1763	56.30	38.00	ECL	0	0.047400	-0.007800	
OGLE-LMC-HB-0411	RG	5.787417	-71.161611	LMC_SC20_160045	LMC186.7.18867	LMC551.30.18233	-99.99	15.472	17.226	1.754	413.82000000	0.18000000	9293.8000	0.032	0.1990	74.70	162.50	-99.99	1	0.006710	0.003350	
OGLE-LMC-HB-0412	RG	5.794689	-70.804694	LMC_SC20_181329	LMC186.4.3	LMC552.12.5	J054741.02-704815.4	14.218	15.900	1.682	625.78000000	0.13000000	9559.6000	0.088	0.2940	55.09	169.90	ECL	0	0.018140	-0.002460	
OGLE-LMC-HB-0413	MS	5.797347	-68.006500	-99.99	-99.99	LMC554.19.17	OGLE-LMC-ECL-38101	14.116	14.021	-0.095	9.17464000	0.00020000	9006.9400	0.045	0.2070	63.00	118.10	ECL	0	0.009880	-0.000070	
OGLE-LMC-HB-0414	RG	5.803875	-71.321444	-99.99	LMC186.1.52	LMC551.29.26756	-99.99	15.471	17.038	1.567	326.82000000	0.13000000	9307.0000	0.045	0.2342	64.00	8.90	-99.99	1	0.009960	0.001270	
OGLE-LMC-HB-0415	RG	5.827983	-69.766778	-99.99	LMC191.6.16	LMC553.02.10487	EROS2-star lm004-5m-1120	14.576	15.901	1.325	199.79100000	0.05500000	9184.9000	0.032	0.3100	58.20	106.00	-99.99	1	0.005550	0.000050	
OGLE-LMC-HB-0416	RG	5.828281	-69.949361	-99.99	LMC191.7.75	LMC552.28.19013	-99.99	15.256	17.006	1.750	588.13000000	0.25000000	9184.9000	0.060	0.4000	58.80	100.40	TEO	1	0.006990	0.000210	
OGLE-LMC-HB-0417	RG	5.847531	-69.938361	-99.99	LMC191.7.21945	LMC552.27.14869	-99.99	15.706	17.321	1.615	598.88000000	0.26000000	9410.8000	0.043	0.4480	80.80	129.00	-99.99	1	0.002790	0.000770	
OGLE-LMC-HB-0418	RG	5.851125	-72.261528	-99.99	LMC188.2.7328	LMC551.03.46	-99.99	15.681	17.220	1.539	351.99000000	0.17000000	9157.6000	0.050	0.2087	89.00	99.60	-99.99	1	0.008640	0.004030	
OGLE-LMC-HB-0419	RG	5.854097	-69.234528	-99.99	LMC190.6.14459	LMC553.18.123	-99.99	16.093	17.498	1.405	210.85300000	0.03000000	9038.8300	0.068	0.2987	50.70	21.20	-99.99	1	0.014570	-0.000370	
OGLE-LMC-HB-0420	MS	5.870139	-68.168889	-99.99	-99.99	LMC561.32.7630	-99.99	14.658	14.489	-0.169	12.20702000	0.00094000	9008.3900	0.012	0.4010	36.50	91.50	-99.99	1	0.004330	-0.002010	
OGLE-LMC-HB-0421	RG	5.872344	-71.414111	-99.99	LMC194.5.30	LMC551.27.11769	-99.99	15.445	17.096	1.651	547.10000000	0.71000000	9230.8000	0.022	0.2650	89.70	32.80	-99.99	1	0.003250	0.001610	
OGLE-LMC-HB-0422	RG	5.875661	-69.431694	-99.99	LMC190.1.21	LMC553.08.20563	-99.99	14.718	16.163	1.445	386.72000000	0.17000000	9075.2000	0.053	0.2399	58.60	9.70	-99.99	0	0.012320	0.001330	
OGLE-LMC-HB-0423	RG	5.883914	-68.148944	-99.99	-99.99	LMC561.32.7658	EROS2-star lm024-2k-17748	15.645	17.375	1.730	419.60000000	0.93000000	9045.1000	0.019	0.2640	64.00	93.00	-99.99	1	0.003510	0.001400	
OGLE-LMC-HB-0424	RG	5.887103	-70.873417	-99.99	LMC193.5.15399	LMC552.01.11631	-99.99	15.559	17.152	1.593	444.55000000	0.32000000	9343.0000	0.052	0.3180	88.60	97.30	-99.99	1	0.006040	0.002970	
OGLE-LMC-HB-0425	RG	5.894169	-68.281889	-99.99	-99.99	LMC561.31.101	OGLE-LMC-ECL-38869	15.615	16.904	1.289	246.94900000	0.09500000	9075.8000	0.066	0.3100	89.40	127.70	OSARG	1	0.007750	0.002050	
OGLE-LMC-HB-0426	RG	5.899175	-68.332778	-99.99	-99.99	LMC561.31.34	-99.99	15.339	16.933	1.594	471.14000000	0.67000000	9059.4000	0.034	0.3410	53.70	67.00	-99.99	1	0.005850	0.000120	
OGLE-LMC-HB-0427	RG	5.899953	-64.286500	-99.99	-99.99	LMC600.02.71	OGLE-LMC-ECL-38909	16.296	17.602	1.306	186.79000000	0.15000000	9184.1000	0.030	0.1840	87.00	99.60	-99.99	1	0.005610	0.002060	
OGLE-LMC-HB-0428	RG	5.943083	-70.206528	-99.99	LMC192.4.10576	LMC560.14.24	-99.99	15.805	17.247	1.442	402.39000000	0.34000000	9133.7000	0.022	0.1410	53.80	168.30	-99.99	1	0.007600	0.001200	
OGLE-LMC-HB-0429	RG	6.046356	-68.896889	-99.99	LMC204.8.6198	LMC561.09.28	-99.99	15.433	17.028	1.595	281.05000000	0.19000000	9029.9000	0.022	0.3060	19.70	139.00	-99.99	0	0.008400	-0.008900	
OGLE-LMC-HB-0430	RG	6.046864	-70.339278	-99.99	LMC199.3.3605	LMC560.02.5674	-99.99	15.784	17.307	1.523	282.94300000	0.08700000	9274.5000	0.043	0.2543	44.00	126.00	-99.99	1	0.013870	-0.002720	
OGLE-LMC-HB-0431	RG	6.050917	-70.022417	-99.99	LMC206.8.26	LMC560.10.5035	OGLE-LMC-ECL-25690	15.563	17.156	1.593	300.54500000	0.05200000	9190.6000	0.076	0.2898	51.18	53.40	-99.99	1	0.016480	-0.002060	
OGLE-LMC-HB-0432	RG	6.052508	-72.494056	-99.99	LMC202.8.4655	LMC558.13.4102	-99.99	15.560	17.135	1.575	538.93000000	0.28000000	9230.8000	0.035	0.4420	60.90	3.30	-99.99	1	0.003570	0.001820	
OGLE-LMC-HB-0433	RG	6.072311	-69.256056	-99.99	-99.99	LMC568.25.32	-99.99	15.337	16.827	1.490	375.70000000	0.59000000	9028.6000	0.038	0.1680	58.60	119.10	ECL	0	0.010300	-0.000900	
OGLE-LMC-HB-0434	RG	6.149942	-72.958278	-99.99	LMC211.8.66	LMC558.02.52	-99.99	16.170	17.556	1.386	232.20100000	0.09200000	9108.5000	0.032	0.2940	34.80	36.00	-99.99	1	0.011750	-0.006100	
OGLE-LMC-HB-0435	RG	6.150239	-72.350500	-99.99	LMC210.7.43	LMC558.19.17	-99.99	15.157	16.783	1.626	601.18000000	0.60000000	9245.8000	0.023	0.4830	72.00	100.00	ECL	1	0.001340	0.000790	
OGLE-LMC-HB-0436	RG	6.174381	-71.056083	-99.99	LMC208.2.5434	LMC567.06.82	-99.99	15.950	17.361	1.411	264.81000000	0.11000000	9085.2000	0.029	0.2030	69.20	154.40	-99.99	1	0.006140	0.002820	
OGLE-LMC-HB-0437	RG	6.259822	-69.133222	-99.99	-99.99	LMC568.18.5858	OGLE-LMC-ECL-40052	15.885	17.324	1.439	346.87000000	0.35000000	9094.7000	0.032	0.3310	89.30	37.90	-99.99	1	0.003580	0.002000	
OGLE-LMC-HB-0438	RG	6.261628	-69.490056	-99.99	-99.99	LMC568.09.44	-99.99	15.094	16.751	1.657	545.46000000	0.97000000	9200.3000	0.037	0.2640	88.00	161.00	-99.99	1	0.005880	0.003550	
OGLE-LMC-HB-0439	RG	6.339261	-70.495722	-99.99	-99.99	LMC567.17.17	-99.99	14.885	16.551	1.666	433.61000000	0.45000000	9023.5000	0.047	0.2050	60.30	122.80	-99.99	1	0.011000	0.001000	
