# Date:     2024-01-15 15:59:05
# Database: ocvs
# Target:   blg_transits
# Query:    TRUE 
# Objects:  99
# Columns:
# ID	RA	DECL	ID_OGLE_II	ID_OGLE_III	ID_OGLE_IV	ID_OTHER	I	V	V_I	pr_pl	P	T0	A_1	mstar	rstar	logg	teff	feh	distance	rp	mp	tc	a	ideg	teq	delta	tau	t14	b	Remarks
OGLE-TR-1001	267.429875	-29.394972	-99.99	BLG194.6.8	BLG501.32.33777	-99.99	13.923	14.815	0.891999	1	2.1093182924	6782.989226602	0.008437	2.2375	1.8618	4.248	8950.05	0.45	1817.9	1.664	149.474	5378.1832438945	0.042977	81.573	2840.61	0.008437	0.0186818	0.11186	0.727	-99.99
OGLE-TR-1002	267.463667	-29.300306	-99.99	BLG194.6.55165	BLG501.32.25056	-99.99	15.419	17.021	1.602	0.93	13.1978978134	6264.0457138191	0.013803	1.2841	1.4012	4.254	6026.18	0.47	1605.18	1.602	0.4094	5379.7865603208	0.11881	87.381	997.929	0.013803	0.0523589	0.17181	0.833	-99.99
OGLE-TR-1003	267.594875	-29.388722	-99.99	BLG194.6.11411	BLG501.31.56128	-99.99	15.382	16.872	1.49	1	2.7762209303	7128.3607522682	0.002992	0.8827	1.0021	4.382	5542.99	-0.1	1034.36	0.533	0.0851	5379.3415661585	0.037084	87.672	1389.45	0.002992	0.0064716	0.11188	0.323	-99.99
OGLE-TR-1004	267.597292	-30.250389	-99.99	BLG100.8.57401	BLG501.06.104268	-99.99	14.168	15.348	1.18	1	10.1868864941	6826.3813673402	0.006492	1.9596	1.9559	4.148	7716.39	0.27	1682.25	1.534	135.937	5379.8434851766	0.117571	86.679	1517.65	0.006492	0.0308928	0.19587	0.749	-99.99
OGLE-TR-1005	267.619583	-29.906639	BUL_SC5.258105	BLG100.6.92588	BLG501.14.93219	-99.99	14.824	15.931	1.107	1	4.565982023	6773.1719415081	0.006844	0.9488	1.9023	3.857	7745.7	-4.2	2335.64	1.531	0.3964	5380.5474244808	0.052935	85.101	2239.08	0.006844	0.0237498	0.23372	0.511	-99.99
OGLE-TR-1006	267.66	-29.368556	-99.99	BLG194.6.41837	BLG501.31.30472	-99.99	14.902	16.64	1.738	0.99	1.8081990748	6854.3077336936	0.002885	1.6582	2.1112	4.009	5735.07	0.53	1568.09	1.103	55.9666	5377.0090895919	0.034746	75.509	2155.7	0.002885	0.0201265	0.09638	0.886	-99.99
OGLE-TR-1007	267.698167	-30.199917	-99.99	BLG100.8.109395	BLG501.06.29427	-99.99	12.855	13.626	0.771001	1	3.5659261399	6566.6571982987	0.010959	1.6483	3.0426	3.689	6756.05	-3.65	1752.73	3.1	301.541	5379.2037937203	0.056933	77.533	2381.59	0.010959	0.0677324	0.1982	0.869	-99.99
OGLE-TR-1008	267.7015	-29.680306	BUL_SC5.407414	BLG194.8.26875	BLG501.23.14645	-99.99	15.056	16.583	1.527	1	63.219528709	6744.2001707414	0.004852	0.9999	2.102	3.793	5436.59	-3.05	1805.62	1.425	124.516	5416.5900678518	0.322411	88.585	669.382	0.004852	0.074413	0.42316	0.815	-99.99
OGLE-TR-1009	267.73625	-29.680306	-99.99	BLG194.8.31608	BLG501.22.131144	-99.99	14.155	15.146	0.991	1	29.5490595545	6609.687307585	0.0109	3.915	2.1168	4.379	21299.2	-3.62	2947.18	2.151	0.414	5398.1758658504	0.294818	89.911	2752.08	0.0109	0.0328439	0.34663	0.046	-99.99
OGLE-TR-1010	267.878667	-29.929222	-99.99	BLG100.3.67056	BLG501.13.26254	-99.99	14.519	15.718	1.199	1	2.2063889326	6626.2409778484	0.00749	0.8287	1.894	3.802	6733.12	-4.48	1811.12	1.595	0.4068	5377.4248419902	0.031159	80.388	2531.3	0.00749	0.0222693	0.18579	0.591	-99.99
OGLE-TR-1011	267.97175	-30.021028	-99.99	BLG100.2.206481	BLG501.12.107779	-99.99	15.463	17.08	1.617	0.99	16.8541881648	6602.6769741592	0.006564	1.816	2.1514	4.032	5005.69	0.25	1997.81	1.696	152.398	5389.1754262964	0.161039	88.156	882.248	0.006564	0.0316819	0.31661	0.518	-99.99
OGLE-TR-1012	268.058667	-29.244944	-99.99	BLG194.4.30445	BLG501.29.32884	-99.99	15.365	16.549	1.184	1	3.5765355137	6384.821539056	0.004271	2.0533	2.2262	4.055	8178.51	0.21	3120.13	1.416	123.715	5379.8150597112	0.059269	83.335	2416.98	0.004271	0.0177149	0.16733	0.664	-99.99
OGLE-TR-1013	268.114375	-29.884028	BUL_SC37.253145	BLG101.7.140155	BLG501.11.202912	-99.99	15.031	16.035	1.004	0.99	23.8938911724	6847.7032096675	0.005155	2.2974	1.4919	4.452	12408.9	-0.67	2663.78	1.042	28.5123	5390.1758481488	0.215069	89.293	1575.99	0.005155	0.0190856	0.24573	0.382	-99.99
OGLE-TR-1014	268.121167	-29.425194	-99.99	BLG195.8.171827	BLG501.28.97505	-99.99	14.28	15.423	1.143	0.98	12.0665112604	7069.281810801	0.002223	0.9856	2.0412	3.812	5394.31	-0.26	1091.71	0.937	37.6053	5379.9702343503	0.103691	88.006	1154.1	0.002223	0.0180048	0.34375	0.38	-99.99
OGLE-TR-1015	268.137208	-30.066639	BUL_SC37.391137	BLG101.8.76984	BLG501.11.120392	-99.99	15.432	16.491	1.059	1	16.4706499783	6382.0224064267	0.002435	0.917	2.1971	3.717	5230.12	-0.38	2451.23	1.055	49.2485	5377.3127577486	0.125151	89.627	1056.7	0.002435	0.0212578	0.4484	0.08	-99.99
OGLE-TR-1016	268.195958	-29.892278	BUL_SC37.420119	BLG101.7.157333	BLG501.11.93960	-99.99	15.122	16.191	1.069	0.88	3.9180820647	6215.9199675149	0.00269	1.3526	1.8508	4.034	5961.41	0.25	2438.07	0.934	38.2073	5377.4504056759	0.054269	82.161	1678.76	0.00269	0.0206717	0.12114	0.86	-99.99
OGLE-TR-1017	268.266042	-30.11	-99.99	BLG101.8.34263	BLG501.10.179204	-99.99	15.172	16.462	1.29	1	8.2930909945	6804.7246551504	0.013165	2.1176	1.9889	4.167	9058.23	0.11	2715.41	2.221	206.153	5378.3130040984	0.106062	85.782	1891.47	0.013165	0.053131	0.16837	0.843	-99.99
OGLE-TR-1018	268.619458	-30.07775	-99.99	BLG101.1.113581	BLG501.08.169704	-99.99	15.38	16.568	1.188	1	3.79521669	6655.6904854742	0.004563	1.192	1.5794	4.117	6317.77	-0.21	1705.81	1.038	36.5702	5376.7024609442	0.050975	85.801	1695.77	0.004563	0.0138114	0.16437	0.508	-99.99
OGLE-TR-1019	268.647708	-27.721472	-99.99	-99.99	BLG504.25.67652	-99.99	15.306	17.194	1.888	0.92	23.0717618892	6485.1100913398	0.021208	0.8074	1.3962	4.055	6903.18	-4.47	1269.33	1.979	0.4126	5377.6655206583	0.147714	89.678	1023.39	0.021208	0.047455	0.36766	0.128	-99.99
OGLE-TR-1020	268.755333	-29.452778	BUL_SC4.731414	BLG102.6.66766	BLG505.16.5602	-99.99	15.348	17.03	1.682	1	37.7873503289	5842.0422721463	0.018787	0.306	0.8319	4.084	3755.13	0.16	394.314	1.11	0.247	5388.5940681999	0.148542	89.771	428.53	0.018787	0.0434782	0.35303	0.153	-99.99
OGLE-TR-1021	268.82425	-27.631028	-99.99	-99.99	BLG504.32.38434	-99.99	14.68	15.917	1.237	0.98	50.2399637299	6801.1221541278	0.02431	1.5317	1.4645	4.292	7201.7	0.08	1619.6	2.222	0.4088	5394.4031696888	0.307184	89.206	758.248	0.02431	0.071831	0.3448	0.625	-99.99
OGLE-TR-1022	268.824458	-27.875972	-99.99	-99.99	BLG504.24.85599	-99.99	14.119	15.414	1.295	0.99	8.1028270983	6834.1070214151	0.003696	0.9186	2.7675	3.517	6521.3	-4.16	1975.96	1.637	146.218	5383.7009708141	0.080453	83.576	1844.32	0.003696	0.0356783	0.33205	0.699	-99.99
OGLE-TR-1023	268.827625	-28.369028	-99.99	-99.99	BLG504.07.136221	-99.99	15.22	16.799	1.579	1	6.5982678189	6665.0078823618	0.015874	1.395	1.3814	4.302	6378	0.46	1464.93	1.694	0.4128	5378.3456576681	0.076934	86.034	1303.22	0.015874	0.0425661	0.13419	0.828	-99.99
OGLE-TR-1024	268.869708	-27.439833	-99.99	-99.99	BLG504.32.32802	-99.99	15.145	16.774	1.629	0.94	1.4272806196	6731.8366695014	0.002659	1.6382	1.997	4.052	5240.06	0	1619.42	1.002	56.3753	5377.3473614808	0.029562	80.717	2076.76	0.002659	0.0090407	0.13467	0.514	-99.99
OGLE-TR-1025	268.922417	-27.485222	-99.99	-99.99	BLG504.32.10426	-99.99	14.727	16.192	1.465	0.84	6.949853857	6913.9150442798	0.001519	0.4252	2.8232	3.165	4945.47	-3.75	1974.79	1.071	43.0003	5377.9973418922	0.055265	79.468	1704.45	0.001519	0.0331046	0.37502	0.769	-99.99
OGLE-TR-1026	268.929208	-27.93275	-99.99	-99.99	BLG504.24.3792	-99.99	14.528	15.635	1.107	0.97	4.1195678569	7082.4352284921	0.002143	0.9299	2.7554	3.526	6499.75	-3.01	1868.99	1.241	0.8152	5376.9341357206	0.049102	87.909	2347.89	0.002143	0.0165726	0.35957	0.14	-99.99
OGLE-TR-1027	268.956792	-29.19425	-99.99	-99.99	BLG505.23.138085	-99.99	14.785	16.199	1.414	0.82	2.6247957515	6623.680229641	0.002857	2.6289	3.585	3.749	5357.67	0.32	3136.67	1.865	169.555	5261.4112345888	0.052429	72.654	2136.33	0.002857	0.0490332	0.13427	0.938	-99.99
OGLE-TR-1028	268.986083	-29.284389	BUL_SC39.775073	BLG102.5.104759	BLG505.14.206335	-99.99	13.753	15.111	1.358	0.9	0.74714083	6831.441331421	0.005936	0.9888	2.4658	3.649	4888.54	-0.03	1236.18	1.849	168.117	5376.758135349	0.016879	50.971	2849.21	0.005936	0.0595005	0.119	0.927	-99.99
OGLE-TR-1029	269.002042	-28.823556	-99.99	BLG205.6.72835	BLG505.31.111010	-99.99	15.194	16.4	1.206	1	2.5308886107	6848.6203941968	0.012048	1.1171	1.0036	4.483	5884.61	0.26	1198.72	1.072	51.9985	5261.7532353061	0.038262	88.522	1453.31	0.012048	0.0111229	0.10741	0.211	-99.99
OGLE-TR-1030	269.02175	-27.935833	-99.99	-99.99	BLG504.23.90700	-99.99	15.276	16.945	1.669	0.99	18.1874812627	6625.1020735875	0.010178	1.564	2.2541	3.926	5803.47	0.5	2046.27	2.213	205.786	5388.3533477248	0.163426	87.273	1039.32	0.010178	0.0568141	0.30255	0.742	-99.99
OGLE-TR-1031	269.048625	-27.667417	-99.99	-99.99	BLG504.31.16618	-99.99	14.337	15.605	1.268	1	2.4201426845	6402.8845462305	0.002662	1.0942	1.9693	3.889	5374.7	0.07	1358.69	0.989	65.7272	5376.7440479966	0.037034	85.739	1889.9	0.002662	0.0106362	0.19457	0.3	-99.99
OGLE-TR-1032	269.070667	-28.411083	-99.99	BLG214.7.113	BLG504.06.89625	-99.99	15.242	16.913	1.671	1	14.1654492757	7197.1483900533	0.01823	1.3929	1.6766	4.133	5792.74	0.56	1605.3	2.203	0.414	5383.9708827678	0.127968	89.978	1011.07	0.01823	0.0371641	0.31207	0.006	-99.99
OGLE-TR-1033	269.093417	-29.171417	-99.99	BLG205.8.16767	BLG505.23.4234	-99.99	15.296	16.933	1.637	1	17.9092053737	6903.8378295726	0.006992	1.286	2.0278	3.933	7005.65	-0.63	2092.88	1.65	0.414	5381.5553728053	0.145696	88.546	1260.28	0.006992	0.0336327	0.37314	0.392	-99.99
OGLE-TR-1034	269.162917	-27.612583	-99.99	-99.99	BLG504.30.63622	-99.99	15.194	16.986	1.792	0.98	5.404768409	6626.0264373943	0.021512	0.764	1.4828	3.979	6440.55	-4.48	1436.49	2.116	0.4128	5377.5249349042	0.05511	84.61	1610.92	0.021512	0.0500181	0.18777	0.751	-99.99
OGLE-TR-1035	269.1785	-28.326361	-99.99	BLG214.7.134311	BLG504.05.165839	-99.99	13.646	14.566	0.92	0.98	55.2742302707	7369.0453662728	0.013611	1.6261	1.5249	4.283	7398.45	0.18	1211.31	1.731	0.414	5379.1730765267	0.333967	88.978	762.328	0.013611	0.0864273	0.27491	0.84	-99.99
OGLE-TR-1036	269.197042	-28.621028	-99.99	BLG205.5.185573	BLG505.30.151683	-99.99	14.029	14.911	0.882	0.92	0.9394209706	6771.6279458478	0.017127	0.759	1.2945	4.094	6758.82	-4.31	1129.83	1.649	0.4118	5261.0390251796	0.017126	71.703	2833.54	0.017127	0.0388342	0.07767	0.893	-99.99
OGLE-TR-1037	269.250708	-28.335361	-99.99	BLG214.7.149338	BLG504.05.105349	-99.99	14.706	15.982	1.276	0.86	6.5358155542	7041.6864556405	0.001645	1.7404	2.5083	3.88	6322.09	0.36	2385.25	0.99	41.2834	5381.589304884	0.082907	84.397	1676.84	0.001645	0.0166792	0.2285	0.694	-99.99
OGLE-TR-1038	269.303833	-27.485917	-99.99	-99.99	BLG504.29.128046	-99.99	13.63	14.904	1.274	1	3.769830085	6069.0430762395	0.0051	0.2769	2.5289	3.074	4680.5	-3.74	1172.22	1.757	158.422	5379.1641706848	0.035727	83.235	1898.87	0.0051	0.0320099	0.40962	0.358	-99.99
OGLE-TR-1039	269.329375	-29.828278	-99.99	BLG103.4.214659	BLG505.04.177094	-99.99	14.9	16.115	1.215	0.94	9.1581766025	6983.6129711661	0.00352	1.5328	2.4537	3.844	6398.11	-0.11	2478.41	1.417	124.091	5380.9320657286	0.101254	84.448	1518.75	0.00352	0.0390287	0.20501	0.858	-99.99
OGLE-TR-1040	269.337667	-28.820306	-99.99	BLG205.3.79649	BLG505.29.182284	-99.99	15.394	16.719	1.325	1	19.4970578164	6818.1835245001	0.01192	1.0468	0.9847	4.471	5491.53	0.48	1744.8	1.046	60.5465	5277.9159570029	0.146548	89.142	686.419	0.01192	0.0241918	0.19405	0.479	-99.99
OGLE-TR-1041	269.365042	-29.500111	-99.99	BLG102.3.50880	BLG505.12.110231	-99.99	14.996	16.394	1.398	1	3.0470705322	6608.2585087167	0.008825	1.169	1.2372	4.321	8378	-1.55	1418.14	1.131	5.7633	5377.2420136887	0.043398	89.458	2157.04	0.008825	0.0122188	0.14087	0.071	-99.99
OGLE-TR-1042	269.3745	-28.70475	-99.99	BLG205.4.9527	BLG505.29.149215	-99.99	15.492	17.101	1.609	1	7.675598936	6849.0248293593	0.01225	0.9254	1.5654	4.015	6006.05	-0.49	1385.37	1.686	0.414	5267.8514485415	0.074218	89.426	1330.08	0.01225	0.0267946	0.26558	0.102	-99.99
OGLE-TR-1043	269.434875	-27.974583	-99.99	-99.99	BLG504.21.32	-99.99	15.359	17.073	1.714	0.98	2.1965755598	5373.6758512487	0.003532	1.1793	1.746	4.026	5701.96	0.47	1573.36	1.01	40.6743	5378.0690023685	0.035318	77.768	1933.24	0.003532	0.0276042	0.08618	0.922	-99.99
OGLE-TR-1044	269.479083	-27.811333	-99.99	-99.99	BLG504.20.173413	-99.99	13.836	14.852	1.016	1	5.1944361652	6408.799223063	0.04167	1.1807	1.0429	4.474	5667.92	0.55	804.121	2.072	0.414	5380.3008623486	0.062047	89.573	1120.5	0.04167	0.0265904	0.15537	0.095	-99.99
OGLE-TR-1045	269.481333	-29.217833	BUL_SC34.93527	BLG104.5.130562	BLG505.20.175158	-99.99	14.73	15.75	1.02	1	2.1355651824	6071.8461734527	0.029544	0.7792	1.2922	4.107	7054.85	-4.35	1851.88	2.161	0.3935	5262.4669693247	0.029869	89.779	2237.55	0.029544	0.0240076	0.16177	0.019	-99.99
OGLE-TR-1046	269.486833	-27.614028	-99.99	-99.99	BLG504.28.167927	-99.99	15.245	16.751	1.506	0.96	10.6197867031	7292.7166537479	0.013988	0.9632	1.5463	4.043	5410.21	-0.05	1352.14	1.78	0.414	5381.1550471955	0.093392	89.576	1061.54	0.013988	0.0310209	0.29035	0.096	-99.99
OGLE-TR-1047	269.525333	-27.768528	-99.99	BLG223.7.98920	BLG504.20.127450	-99.99	15.476	16.759	1.283	1	10.2950562004	6953.5227499842	0.013561	1.0207	1.3957	4.157	5836.97	-3.39	1822.89	1.582	0.414	5378.3791513159	0.093262	89.079	1088.84	0.013561	0.0273739	0.24939	0.231	-99.99
OGLE-TR-1048	269.530542	-29.458944	BUL_SC34.285408	BLG104.6.14293	BLG505.11.123503	-99.99	15.431	16.736	1.305	1	5.247207937	6842.6592212585	0.017106	0.7967	1.0672	4.283	5376.74	-3.14	1400.29	1.358	0.3775	5378.6882068305	0.054791	89.647	1144.27	0.017106	0.0199171	0.17108	0.068	-99.99
OGLE-TR-1049	269.571292	-27.573917	-99.99	BLG223.6.168511	BLG504.28.65202	-99.99	14.629	16.007	1.378	1	19.1582599943	6457.14677739	0.001189	0.6123	3.4868	3.14	5226.39	-2.68	2463.92	1.17	11.7535	5384.2842177101	0.11971	86.394	1360.15	0.001189	0.0324669	0.76714	0.464	-99.99
OGLE-TR-1050	269.615292	-29.825556	-99.99	BLG188.5.155014	BLG505.03.80	-99.99	15.269	16.204	0.935	0.97	1.6114674975	6686.3563036444	0.014975	0.1151	0.9332	3.559	4561.78	-3.44	898.247	1.111	6.776	5377.8446956724	0.013327	73.658	1840.75	0.014975	0.0495862	0.12596	0.864	-99.99
OGLE-TR-1051	269.631458	-29.282056	BUL_SC34.562729	BLG104.5.36099	BLG505.11.42020	-99.99	15.324	17.065	1.741	0.97	1.0213734695	6398.0510104476	0.00132	0.9121	3.9849	3.197	4621.21	-0.15	2773.8	1.409	0.4991	5376.6775409766	0.019253	79.44	3205.93	0.00132	0.0517565	0.48746	0.19	-99.99
OGLE-TR-1052	269.638208	-29.383639	BUL_SC34.535635	BLG104.6.158057	BLG505.11.20143	-99.99	14.876	16.149	1.273	0.96	6.9216408254	6311.7661325512	0.001971	0.8576	7.1672	2.661	5237.57	-2.97	6036.23	3.097	301.665	5377.3446211182	0.074372	66.122	2479.31	0.001971	0.117201	0.57263	0.903	-99.99
OGLE-TR-1053	269.642	-28.806917	-99.99	BLG205.3.149290	BLG505.28.13408	-99.99	14.915	15.829	0.914001	1	3.65191122	6840.4063317273	0.010849	1.5103	1.6705	4.171	7450.5	-0.28	2208.34	1.693	151.978	5273.7364183548	0.054901	82.865	1981.75	0.010849	0.0407689	0.1112	0.878	-99.99
OGLE-TR-1054	269.665625	-27.375556	-99.99	-99.99	BLG504.27.222403	-99.99	15.066	16.22	1.154	0.98	8.5826670075	6983.4953640765	0.002964	1.6573	3.5927	3.547	5763.68	-2.85	3468.16	1.903	173.356	5378.5366336787	0.100214	83.948	1664.09	0.002964	0.0325182	0.38775	0.632	-99.99
OGLE-TR-1055	269.67425	-29.191028	BUL_SC34.808988	BLG104.5.226533	BLG505.19.189760	-99.99	14.919	16.8	1.881	0.95	2.1042324688	6882.224335508	0.001343	0.9806	2.8825	3.51	5032.37	-0.52	1615.53	1.028	72.1909	5503.952068469	0.032658	73.266	2279.81	0.001343	0.0155216	0.22324	0.701	-99.99
OGLE-TR-1056	269.73225	-28.884389	-99.99	-99.99	BLG505.27.115614	-99.99	14.913	16.686	1.773	0.94	7.7213269696	6103.7278847112	0.00224	1.0962	2.5372	3.669	4613.07	0.56	1690.68	1.168	1.6673	5262.1032450264	0.078868	82.297	1261.69	0.00224	0.0406265	0.2015	0.896	-99.99
OGLE-TR-1057	269.771333	-28.49775	-99.99	BLG215.8.133920	BLG504.02.70296	-99.99	15.245	17.114	1.869	1	5.8545418448	6374.2539009391	0.004956	0.763	3.5828	3.212	5964.21	-3.62	4499.56	2.455	0.414	5378.9817873258	0.058101	88.895	2258.44	0.004956	0.0393662	0.58036	0.067	-99.99
OGLE-TR-1058	269.811208	-27.748778	-99.99	BLG223.7.148038	BLG504.19.38476	-99.99	14.806	16.222	1.416	0.94	17.4107261948	6757.4892814839	0.002583	1.7172	2.8606	3.76	6235.77	0.24	2533.24	1.415	123.817	5382.0419120942	0.160962	87.23	1267.62	0.002583	0.0288208	0.40074	0.585	-99.99
OGLE-TR-1059	269.853625	-28.027056	-99.99	BLG215.5.125956	BLG504.09.205165	-99.99	15.412	16.726	1.314	0.97	7.2082401629	6963.6595430886	0.006346	1.1459	1.5892	4.095	6052.19	-0.08	1551.78	1.232	3.8046	5377.8467072416	0.076501	88.616	1330.14	0.006346	0.018327	0.23327	0.25	-99.99
OGLE-TR-1060	269.863333	-28.007444	-99.99	BLG215.5.178340	BLG504.09.212265	-99.99	15.307	16.677	1.37	1	12.8317589403	7015.6464498546	0.014708	1.5311	1.5659	4.234	6660.94	0.41	1936.59	1.848	0.4065	5386.0130644366	0.123641	89.446	1143.04	0.014708	0.0296328	0.26703	0.164	-99.99
OGLE-TR-1061	269.87725	-27.388972	-99.99	BLG232.8.31369	BLG504.26.141626	-99.99	14.119	14.767	0.648	1	2.6528604818	6779.9935748479	0.009079	1.9642	1.8447	4.199	8165.76	0.21	2123.93	1.71	0.414	5376.6303799981	0.046972	88.826	2467.61	0.009079	0.0150433	0.1692	0.112	-99.99
OGLE-TR-1062	269.93375	-28.09825	-99.99	BLG215.5.85774	BLG504.09.85898	-99.99	15.152	16.495	1.343	1	16.527414685	6788.7376352954	0.004902	1.0698	1.5824	4.069	5889.96	0.2	1752.47	1.078	57.5379	5383.9073870676	0.132055	89.569	983.16	0.004902	0.0207489	0.31137	0.135	-99.99
OGLE-TR-1063	269.964042	-29.289583	BUL_SC21.215	BLG104.4.33183	BLG505.09.82929	-99.99	14.703	15.56	0.857	1	3.5835181351	6773.6348303263	0.010734	1.5395	1.535	4.253	6998.01	0.07	1532.89	1.548	0.414	5261.3901772955	0.052922	87.18	1817.38	0.010734	0.017295	0.16099	0.365	-99.99
OGLE-TR-1064	270.001083	-29.250722	BUL_SC21.15840	BLG104.4.106272	BLG505.09.37405	-99.99	15.472	16.582	1.11	0.99	0.6700141402	6950.7482928359	0.004122	0.7464	1.97	3.722	5029.96	-1.42	2273.5	1.231	2.8292	5286.4331685719	0.013609	51.37	2918.15	0.004122	0.0382333	0.09949	0.927	-99.99
OGLE-TR-1065	270.07425	-28.831583	BUL_SC21.353711	BLG206.3.90618	BLG512.16.71485	-99.99	15.463	17.413	1.95	1	4.9671386127	6965.2070529256	0.002964	1.1148	1.9711	3.896	4377.57	0.17	1414.78	1.044	72.1294	5380.689835473	0.060268	83.842	1207.2	0.002964	0.0187396	0.19005	0.705	-99.99
OGLE-TR-1066	270.101417	-28.349111	-99.99	BLG215.2.142590	BLG512.25.94231	-99.99	15.257	16.412	1.155	0.84	10.0330097644	6529.9659066545	0.002214	1.0733	3.7593	3.319	4921.95	-0.21	4369.19	1.721	154.744	5386.2027935167	0.097304	88.141	1475.22	0.002214	0.0279031	0.59554	0.181	-99.99
OGLE-TR-1067	270.26025	-29.165194	BUL_SC30.23089	BLG105.5.211371	BLG512.07.57811	-99.99	14.744	16.651	1.907	0.94	2.5731721608	6992.6835965295	0.002439	1.0459	5.8541	2.923	4522.51	0.3	2883.76	2.813	270.311	5376.7314795326	0.040148	50.733	2633.35	0.002439	0.11266	0.35504	0.933	-99.99
OGLE-TR-1068	270.298917	-28.895306	BUL_SC30.271873	BLG206.2.273470	BLG512.15.18	-99.99	12.8	13.359	0.559	1	0.6858733797	7091.6272291611	0.006032	1.617	2.2935	3.926	6706.51	-0.01	1486.43	1.733	155.804	5376.9437798248	0.018397	58.04	3610.87	0.006032	0.0340963	0.08777	0.913	-99.99
OGLE-TR-1069	270.316792	-28.429472	-99.99	BLG215.2.51610	BLG512.24.27253	-99.99	15.339	16.611	1.272	1	10.6053566366	7101.7478623004	0.015891	0.7696	2.4663	3.54	5995.73	-4.01	3029.91	3.025	0.4123	5383.6800871789	0.086585	89.794	1543.02	0.015891	0.0568945	0.50527	0.027	-99.99
OGLE-TR-1070	270.3225	-28.507778	-99.99	BLG215.1.170018	BLG512.24.12879	-99.99	15.4	16.324	0.924	0.81	1.7293837894	7009.3129968746	0.014379	1.0602	1.1691	4.328	5681.24	0.17	1780.06	1.364	0.3793	5380.2334673065	0.028755	87.613	1746.82	0.014379	0.0130368	0.11523	0.22	-99.99
OGLE-TR-1071	270.323708	-28.8065	BUL_SC30.299284	BLG207.6.66715	BLG512.15.12912	-99.99	15.424	17.366	1.942	1	4.2670322314	6987.5419785324	0.004137	1.4491	6.9648	2.913	4412.24	0.53	4932.3	4.359	444.312	5383.1378595224	0.063467	62.35	2228.81	0.004137	0.133751	0.44046	0.909	-99.99
OGLE-TR-1072	270.337083	-28.440111	-99.99	BLG215.1.231578	BLG512.23.200958	-99.99	15.112	16.169	1.057	1	1.6133903433	6915.0572367278	0.008094	0.9331	1.1275	4.304	5828.59	-0.17	1413.15	0.987	69.4032	5377.4962396082	0.026916	84.626	1819.09	0.008094	0.0104825	0.09891	0.481	-99.99
OGLE-TR-1073	270.369333	-28.424444	-99.99	BLG215.2.59737	BLG512.23.201052	-99.99	15.283	17.176	1.893	1	6.9233145231	7125.5309752063	0.002495	1.1436	6.7031	2.844	4425.93	0.1	4295.72	3.258	319.24	5380.855715395	0.080433	69.198	1948.31	0.002495	0.12117	0.47188	0.916	-99.99
OGLE-TR-1074	270.443417	-28.014694	-99.99	BLG216.5.199817	BLG512.31.97610	-99.99	15.167	16.364	1.197	0.92	0.7182063755	6956.9320247755	0.00321	1.7265	2.3487	3.934	6414.38	0.28	3005.38	1.295	0.4511	5376.8779986268	0.01883	57.389	3454.39	0.00321	0.0275775	0.0809	0.929	-99.99
OGLE-TR-1075	270.449458	-28.022111	-99.99	BLG216.5.199843	BLG512.31.90527	-99.99	15.297	16.49	1.193	1	30.5556639369	6887.7691792706	0.015838	0.7728	1.5322	3.955	6589.26	-4.26	2172.86	1.876	0.4134	5390.5416463614	0.175556	89.705	938.699	0.015838	0.0501366	0.44178	0.127	-99.99
OGLE-TR-1076	270.499625	-28.775806	BUL_SC31.60417	BLG207.6.168007	BLG512.14.20705	-99.99	15.057	16.128	1.071	1	5.7855333098	7029.109976464	0.014714	0.6017	1.5542	3.834	5262.05	-3.38	1613.12	1.835	0.414	5380.232983157	0.053259	89.86	1370.69	0.014714	0.0306042	0.28129	0.018	-99.99
OGLE-TR-1077	270.50825	-28.721056	-99.99	BLG207.5.31697	BLG512.13.200527	-99.99	14.606	15.541	0.935	0.99	14.4083935332	6534.1963925166	0.004757	1.3051	1.5039	4.199	6292.21	-0.03	1692.24	1.009	31.3592	5381.5249098642	0.127598	88.077	1041.64	0.004757	0.0220097	0.22051	0.612	-99.99
OGLE-TR-1078	270.568917	-29.095444	-99.99	BLG207.8.170019	BLG512.05.128353	-99.99	14.7	15.665	0.965	1	4.3297068458	6957.9715263662	0.007271	1.5064	1.9156	4.051	5212.79	-0.17	2001.07	1.59	0.414	5377.628527659	0.059601	88.991	1425.04	0.007271	0.017891	0.22325	0.118	-99.99
OGLE-TR-1079	270.686542	-28.807111	BUL_SC31.645622	BLG207.3.66683	BLG512.12.190769	-99.99	15.351	17.201	1.85	1	13.4504193326	6847.5407457142	0.003693	0.4873	3.5125	3.035	4077.91	-0.22	2438.6	2.077	191.578	5381.4450384565	0.096865	82.238	1184.12	0.003693	0.075039	0.50804	0.801	-99.99
OGLE-TR-1080	270.709208	-28.36225	-99.99	BLG216.2.127623	BLG512.21.216907	-99.99	14.871	16.122	1.251	1	4.7576935809	6967.0094987894	0.004535	1.5862	2.0761	4.004	6254.88	0.46	2290.43	1.361	0.4026	5377.9398427694	0.064569	87.571	1710.29	0.004535	0.0160871	0.23417	0.283	-99.99
OGLE-TR-1081	270.808333	-28.454111	BUL_SC32.346529	BLG216.1.191792	BLG512.21.86484	-99.99	14.978	15.934	0.956	1	6.4069384637	7107.3900397001	0.006136	1.1116	1.4135	4.183	5880.83	0.16	1858.27	1.077	25.8973	5377.5166545035	0.070448	87.002	1270.22	0.006136	0.0181165	0.17574	0.561	-99.99
OGLE-TR-1082	270.813583	-28.750194	BUL_SC32.280235	BLG207.3.222600	BLG512.12.87494	-99.99	15.398	17.377	1.979	1	3.4036312923	7067.2105568657	0.003847	1.0257	3.1393	3.455	4641.81	0.58	2569.57	1.895	0.4114	5379.0094358888	0.044664	89.769	1876.54	0.003847	0.0232447	0.38407	0.012	-99.99
OGLE-TR-1083	270.814	-28.407111	BUL_SC32.346868	BLG216.2.15662	BLG512.21.94254	-99.99	15.057	16.084	1.027	1	5.4100836436	6933.32891106	0.010138	1.0743	1.0952	4.39	5569.3	0.33	1385.41	1.073	19.5408	5380.634905336	0.062125	87.774	1127.57	0.010138	0.0162273	0.14053	0.474	-99.99
OGLE-TR-1084	270.827417	-28.412528	BUL_SC32.346477	BLG216.2.23714	BLG512.21.36052	-99.99	14.141	14.969	0.828	0.94	39.797232538	6715.6222186112	0.015653	1.3526	1.2898	4.348	6434.77	0.32	1369.73	1.57	0.414	5402.3135448578	0.252308	89.116	701.549	0.015653	0.0500697	0.27679	0.649	-99.99
OGLE-TR-1085	270.839125	-28.211167	-99.99	BLG216.3.158956	BLG512.29.12795	-99.99	15.362	17.017	1.655	1	3.6367602453	5603.3154849494	0.002597	0.5381	1.9529	3.588	4934.76	-2.47	1660.55	0.968	34.6951	5377.8363497439	0.038401	77.998	1696.96	0.002597	0.0307757	0.16167	0.879	-99.99
OGLE-TR-1086	270.913125	-28.784611	BUL_SC32.469470	BLG207.3.183289	BLG512.11.136795	-99.99	15.324	16.785	1.461	0.94	6.7032026472	7152.7372945026	0.007352	1.0477	3.4192	3.39	4981.53	-0.23	2588.21	2.853	274.696	5383.0917956382	0.076127	78.927	1609.85	0.007352	0.131414	0.26283	0.92	-99.99
OGLE-TR-1087	270.942333	-28.132278	-99.99	BLG216.4.42508	BLG512.28.145532	-99.99	15.148	16.438	1.29	1	4.2431614124	7020.4679287686	0.006951	1.0356	2.5472	3.641	4798.61	0.49	2489.45	2.067	190.449	5378.3644621791	0.05477	80.075	1577.99	0.006951	0.0420303	0.2186	0.797	-99.99
OGLE-TR-1088	270.947875	-28.084167	-99.99	BLG216.4.115772	BLG512.28.94568	-99.99	14.438	15.373	0.935	1	5.0748847199	6758.4239144474	0.015704	0.8662	0.9615	4.41	5474.82	-0.11	958.933	1.173	2.9319	5378.0552706458	0.055151	89.712	1102.29	0.015704	0.0164993	0.14736	0.062	-99.99
OGLE-TR-1089	271.031292	-28.691806	BUL_SC2.149422	BLG208.5.69562	BLG512.11.34995	-99.99	14.961	16.088	1.127	1	51.089989897	6355.3554832423	0.018376	1.2343	1.2694	4.322	5905.17	0.54	1435.9	1.675	0.4033	5384.6456752	0.289073	89.464	596.706	0.018376	0.0508105	0.34516	0.458	-99.99
OGLE-TR-1090	271.061333	-28.339694	BUL_SC35.218195	BLG217.7.130269	BLG512.19.221612	-99.99	14.24	14.918	0.678	1	6.5551615839	6897.4440952945	0.005594	1.2448	2.1129	3.883	6107.25	-0.17	2242.77	1.538	135.933	5376.6466078386	0.076215	85.338	1550.59	0.005594	0.0262197	0.23543	0.63	-99.99
OGLE-TR-1091	271.076083	-28.408472	-99.99	BLG217.7.8416	BLG512.19.213607	-99.99	15.249	17.054	1.805	0.99	55.7451934208	7211.2817123998	0.013636	0.1486	0.9922	3.617	3634.27	-1.16	630.931	1.127	19.1021	5427.435522933	0.157226	88.755	440.227	0.013636	0.09236	0.43544	0.741	-99.99
OGLE-TR-1092	271.099333	-28.814083	BUL_SC2.331765	BLG208.6.88265	BLG512.10.125916	-99.99	15.294	16.873	1.579	1	3.6601220402	6635.5941391634	0.00185	0.9209	2.6543	3.554	4804.85	-0.17	2206.12	1.111	21.5551	5380.1722793607	0.045555	77.249	1768.55	0.00185	0.024451	0.21202	0.815	-99.99
OGLE-TR-1093	271.194375	-28.955806	BUL_SC2.684748	BLG208.7.168851	BLG512.02.43820	-99.99	14.756	16.523	1.767	0.98	1.4751321372	6666.4658893635	0.017156	1.5684	3.5416	3.535	5271.8	-0.12	2579.32	4.514	462.583	5377.2004014789	0.032005	57.503	2674.14	0.017156	0.0630588	0.12612	1.044	-99.99
OGLE-TR-1094	271.205917	-28.012222	-99.99	BLG217.5.211192	BLG512.27.51709	-99.99	15.497	17.402	1.905	1	13.2004320363	7038.4526047208	0.010906	0.9998	1.6192	4.019	4969.26	0.42	1399.91	1.645	0.414	5388.3986001844	0.109318	89.235	922.195	0.010906	0.0308889	0.31501	0.194	-99.99
OGLE-TR-1095	271.222875	-28.225833	BUL_SC35.621045	BLG217.6.103009	BLG512.26.168423	-99.99	15.239	17.21	1.971	0.9	0.7848213757	6680.0812898846	0.003349	0.8143	1.8615	3.809	6188.05	-1.67	3227.6	1.048	17.943	5377.277806147	0.015658	60.355	3253.53	0.003349	0.0222728	0.09177	0.895	-99.99
OGLE-TR-1096	271.280875	-28.265722	BUL_SC36.26433	BLG217.6.47780	BLG512.26.108037	-99.99	15.446	17.249	1.803	1	3.4377549645	7116.7273010244	0.005018	0.9868	3.5434	3.333	4542.62	0.24	2818.77	2.443	0.412	5377.2232889775	0.044386	89.877	1957.16	0.005018	0.0309994	0.44739	0.006	-99.99
OGLE-TR-1097	271.313958	-28.146472	BUL_SC36.286700	BLG217.6.244576	BLG512.26.73306	-99.99	15.128	16.745	1.617	0.9	10.7566238798	7074.1145286886	0.014446	0.8283	0.8414	4.506	4641.29	0.48	634.884	0.984	69.4203	5385.3245795607	0.091887	88.15	677.265	0.014446	0.027589	0.12036	0.758	-99.99
OGLE-TR-1098	271.372458	-28.258	BUL_SC36.258166	BLG217.3.236	BLG512.26.4943	-99.99	15.372	16.404	1.032	0.93	5.8808380227	6961.065358764	0.021044	1.1015	1.3684	4.208	5884.39	0.11	2201.31	1.932	0.414	5379.1199306548	0.065858	85.602	1293.41	0.021044	0.0461178	0.1499	0.794	-99.99
OGLE-TR-1099	271.404083	-28.474333	BUL_SC33.541055	BLG217.1.173222	BLG512.17.175335	-99.99	15.369	17.213	1.844	1	10.4617853678	6653.2727436735	0.002503	1.029	7.0361	2.756	4418.27	-0.15	4694.17	3.425	338.017	5376.9349288014	0.103505	73.392	1756.6	0.002503	0.134436	0.58968	0.904	-99.99
